# cosmomc_theta logA ns ombh2 omch2 tau A_planck beta_cib xi Atsz Acib Aksz SPT_radio_ps SPT_cib_ps SPT_AdustT SPT3G_cal_T90 SPT3G_cal_T150 SPT3G_cal_T220 SPT3G_AdustT SPT3G_radio_ps SPT3G_cib_ps SPT3G_cal_E90 SPT3G_cal_E150 SPT3G_cal_E220 SPT3G_AdustP kappa
5.375376817825785410e-11 5.723779137232294774e-09 1.637072013812813588e-08 1.698132477990734547e-10 -6.737864984450645276e-09 5.226603490888601834e-09 -2.702704039819603168e-10 7.906928100130952127e-09 4.892098236651519226e-09 8.052290438531799587e-08 -2.082644765003176632e-07 3.058226212162160652e-07 -2.120317617500172964e-08 -2.404294372060745718e-08 3.564600760193932786e-06 3.319816045218869384e-09 3.097474202906066387e-09 2.821443441313392155e-09 1.990945331419217015e-06 8.362309726052387069e-08 1.576991981702394793e-07 5.669421769449632357e-09 5.203608513008422557e-09 4.372115693088748682e-09 -1.644523088572323370e-07 2.025317208307825425e-09
5.723779137232294774e-09 1.906440523559680170e-04 -5.191741497259956127e-05 -1.107258682797303636e-08 8.307228267581808298e-06 5.103793054340532396e-05 1.329946491017683663e-06 -2.583776356732102364e-06 -2.983460707248654167e-05 -1.724111532497325111e-04 7.875285376203954805e-04 -5.792033528556580265e-04 3.654459814980913740e-05 -4.259194261130521233e-05 -1.277121208001595967e-02 1.617100297772826786e-05 1.570141942568942529e-05 1.418589568313994816e-05 -3.105064377083198261e-03 4.438831128876004773e-04 -4.129383177894369733e-04 1.885673438036599786e-05 1.911215611409154604e-05 1.792299560466688419e-05 -4.576739108221641850e-04 5.226583466388732027e-07
1.637072013812813588e-08 -5.191741497259956127e-05 1.026303207466417150e-04 -8.406157594129352725e-07 -1.515334165899672014e-05 1.670408059997601860e-05 -1.773005734758487778e-06 7.120173840548453837e-06 -4.931933543179026739e-06 2.994044065339601635e-05 3.318927965117950238e-04 3.347376407611665555e-04 -5.735472146609525698e-06 -7.341680342379915873e-05 -3.631804695018707712e-03 7.796095119800106652e-07 1.084075368016376465e-06 2.167583291331830939e-06 -3.754324517760067315e-03 4.069593052927854548e-05 -1.690544358862647973e-04 1.055859816161677891e-06 1.790111629502362707e-06 1.705688702307090232e-06 1.409686219097695120e-03 1.034758631927324993e-07
1.698132477990734547e-10 -1.107258682797303636e-08 -8.406157594129352725e-07 7.721032060856863242e-08 -2.289258962305282631e-07 5.074980578862308569e-08 2.359267004167959844e-08 -9.213638046777421048e-08 -1.383039120103146973e-06 4.026491112674233418e-06 1.854637348371707909e-05 -1.267220575633623958e-05 3.709324825424502265e-07 -3.236502323916801687e-06 -2.638807294584079853e-04 -1.003207714591137796e-07 -9.962606631961775405e-08 -9.493984678682372679e-08 -1.846590842212489207e-04 -6.567469906846334259e-06 -1.231768020338033146e-05 -2.503131525833195838e-07 -2.518509238251221455e-07 -2.961357692298881910e-07 -7.363904003576692871e-05 2.767597799229872059e-09
-6.737864984450645276e-09 8.307228267581808298e-06 -1.515334165899672014e-05 -2.289258962305282631e-07 1.220141877010291692e-05 -5.712549360457672499e-06 2.134864423942668364e-07 -1.045871248325436652e-05 4.297960957118927248e-07 -3.175842224500583606e-05 1.337976362496514141e-04 -4.627105058117984989e-04 1.685068712003147929e-05 2.887360308529342837e-05 -2.680452299751862055e-03 -1.020183071034308530e-06 -7.870119362911215573e-07 -3.694495351387462436e-07 -8.415221864615888290e-04 -4.157083788094048898e-05 -3.627104935798612835e-05 -4.498663391354687943e-06 -4.327313142005251264e-06 -4.029181469318369099e-06 3.137950894115373781e-04 6.301678223006598484e-08
5.226603490888601834e-09 5.103793054340532396e-05 1.670408059997601860e-05 5.074980578862308569e-08 -5.712549360457672499e-06 3.498881003849289747e-05 -2.694543591031463359e-08 2.089903706483814198e-07 -4.174631668306842677e-06 4.394338141538940067e-05 7.182651516449340724e-05 -1.176040572921029712e-05 -3.647290283232985530e-06 -2.642686800943595227e-05 -8.909406404159830525e-04 -4.463497897888734934e-07 -5.366290510927558320e-07 -3.926513798859083565e-07 -1.676423606699848094e-04 -3.882377888755158044e-05 -1.090685993135473908e-04 -4.128530957153184454e-09 2.956346566608742790e-07 -3.706834108125676164e-08 -1.855533799087016693e-04 7.639163171304440347e-08
-2.702704039819603168e-10 1.329946491017683663e-06 -1.773005734758487778e-06 2.359267004167959844e-08 2.134864423942668364e-07 -2.694543591031463359e-08 6.268373501621466698e-06 -9.257234543960039332e-07 2.797292828692747290e-07 -3.317489191633574894e-07 6.769098158323158746e-06 1.873193963408358961e-06 -2.094516060334268204e-07 -9.340351412867807598e-07 -2.139830264445912009e-04 -5.028790664250323985e-08 -4.115178112262872163e-08 -4.249825241304699457e-09 4.811874596172588430e-05 -1.004343930913156669e-05 -1.153644365142832576e-06 -4.025130425057303709e-08 -3.242060906626560501e-08 -1.212901290946159766e-07 -5.335539177042026340e-05 1.450935973540527816e-10
7.906928100130952127e-09 -2.583776356732102364e-06 7.120173840548453837e-06 -9.213638046777421048e-08 -1.045871248325436652e-05 2.089903706483814198e-07 -9.257234543960039332e-07 1.552308725192531533e-03 -7.195906605247605250e-04 -3.451320882856493983e-03 -1.031747445768886953e-02 4.354209443262351681e-03 3.441049889474427875e-04 -7.823362762975179447e-05 1.631561433909444747e-01 6.084235988388280555e-06 7.239520024307976625e-06 1.127932694710316795e-05 8.008047134554166502e-02 1.718317954464241605e-03 -2.532791793162490930e-03 8.405158366290777484e-06 7.735858621402934897e-06 8.239405537046743847e-06 -3.860595818186389385e-03 1.822480500470615819e-08
4.892098236651520053e-09 -2.983460707248654167e-05 -4.931933543179025892e-06 -1.383039120103146973e-06 4.297960957118921954e-07 -4.174631668306842677e-06 2.797292828692747290e-07 -7.195906605247605250e-04 5.841145889400435956e-03 -1.980980465938848509e-02 -5.012738648662677481e-03 5.022619481571127115e-02 9.952844002684855997e-04 5.315337645081886185e-03 -5.383362865825680466e-02 -3.267173265812889616e-06 3.342362580434670377e-06 1.350668620175477160e-05 6.164410886391202132e-02 8.233125493331040507e-04 2.105154107197874849e-03 -5.796864788264217627e-06 -6.217839355444631873e-06 -1.315796307259265533e-05 -4.498321733172249044e-03 2.105721253624031702e-07
8.052290438531799587e-08 -1.724111532497325111e-04 2.994044065339601635e-05 4.026491112674233418e-06 -3.175842224500583606e-05 4.394338141538940067e-05 -3.317489191633574894e-07 -3.451320882856493983e-03 -1.980980465938848509e-02 1.810009547672228325e-01 -1.466719884190021729e-02 -3.256353178698317974e-01 -1.369358934309085167e-02 1.621896487306407958e-04 9.030406737729063105e-01 -1.309759829512203901e-04 -1.996725250610961321e-04 -3.447533138538148422e-04 -1.508079745820138651e-01 -3.259544831979593882e-02 6.521309985356663064e-02 -7.857379164450707665e-05 -1.055841084387859835e-04 -6.386833946944466651e-05 2.769480810502857049e-02 5.180124106310283155e-06
-2.082644765003176632e-07 7.875285376203954805e-04 3.318927965117950238e-04 1.854637348371707909e-05 1.337976362496514141e-04 7.182651516449342079e-05 6.769098158323158746e-06 -1.031747445768886953e-02 -5.012738648662676613e-03 -1.466719884190021729e-02 4.720384547894607707e-01 2.501771831058654388e-02 2.264628134986336212e-03 -1.087305809286497615e-01 -7.512170840324548848e+00 3.442786578947293623e-04 3.364075123932138431e-04 2.871094984819962592e-04 -4.002025304755929547e+00 7.432430282590447856e-03 -2.555466701096179571e-01 2.028512931769375742e-04 2.536444627744327334e-04 3.127643898167151919e-04 1.809884325652588999e-01 -1.060159652562238314e-05
3.058226212162161181e-07 -5.792033528556580265e-04 3.347376407611665555e-04 -1.267220575633623958e-05 -4.627105058117984989e-04 -1.176040572921029712e-05 1.873193963408360020e-06 4.354209443262351681e-03 5.022619481571127115e-02 -3.256353178698317974e-01 2.501771831058654388e-02 7.828554845318458355e-01 1.615912090948353960e-02 8.054079032061905660e-03 -2.295604161561224377e+00 1.939514427351860914e-04 2.961381271451160938e-04 4.905838736162715027e-04 1.745728290420706930e-01 4.042999909870029912e-02 -1.226825698326978326e-01 2.439374511329675500e-04 2.793404261842483659e-04 1.678116615577713157e-04 -3.967105986985588334e-02 -6.181592815868102165e-06
-2.120317617500172964e-08 3.654459814980913740e-05 -5.735472146609525698e-06 3.709324825424502265e-07 1.685068712003147929e-05 -3.647290283232985530e-06 -2.094516060334268204e-07 3.441049889474427875e-04 9.952844002684855997e-04 -1.369358934309085167e-02 2.264628134986336645e-03 1.615912090948353960e-02 2.033379593259983763e-03 -8.626758563067097067e-04 -5.455214774103835096e-02 1.042458080692599520e-05 1.636240700564487512e-05 2.905168632714845786e-05 1.529092685663067464e-03 3.256578194399919329e-03 -5.443364004718180722e-03 2.407894751696731582e-06 3.679684253207675169e-06 3.759457683743291404e-06 -2.362833743368898502e-03 -5.090585637172850315e-07
-2.404294372060745718e-08 -4.259194261130521233e-05 -7.341680342379915873e-05 -3.236502323916801687e-06 2.887360308529342837e-05 -2.642686800943595227e-05 -9.340351412867807598e-07 -7.823362762975179447e-05 5.315337645081886185e-03 1.621896487306407958e-04 -1.087305809286497615e-01 8.054079032061903926e-03 -8.626758563067097067e-04 3.973055410853301023e-02 1.623307883078872527e+00 -2.655046298532034790e-05 -2.111499398927909097e-05 -1.265138035517054638e-05 9.403595980740143689e-01 -3.365426683250005106e-03 7.265162868179739220e-02 -2.946785474482667929e-05 -3.524393711533392820e-05 -6.674232879162019709e-05 -4.421601911346258185e-02 5.914004532087634630e-07
3.564600760193932786e-06 -1.277121208001595967e-02 -3.631804695018707712e-03 -2.638807294584079853e-04 -2.680452299751862055e-03 -8.909406404159830525e-04 -2.139830264445912551e-04 1.631561433909444747e-01 -5.383362865825680466e-02 9.030406737729063105e-01 -7.512170840324548848e+00 -2.295604161561224377e+00 -5.455214774103835096e-02 1.623307883078872527e+00 1.398676210031351843e+02 -5.750292153005390206e-03 -5.875376096232429873e-03 -5.487002356677574133e-03 6.336780487313395582e+01 -1.497554586238057373e-01 4.269170480838726967e+00 -2.891942380368699422e-03 -3.893021767535364240e-03 -4.201105213681987152e-03 -2.758802991231021462e+00 1.834298932489274701e-04
3.319816045218869384e-09 1.617100297772826786e-05 7.796095119800106652e-07 -1.003207714591137796e-07 -1.020183071034308530e-06 -4.463497897888734934e-07 -5.028790664250323985e-08 6.084235988388280555e-06 -3.267173265812889616e-06 -1.309759829512203901e-04 3.442786578947293623e-04 1.939514427351860372e-04 1.042458080692599520e-05 -2.655046298532034790e-05 -5.750292153005390206e-03 1.139857342746623814e-05 1.061112781717230295e-05 9.477065384536512439e-06 -1.766426838701539836e-03 3.530236716894795878e-04 -1.254414876129628998e-04 8.970407583320286657e-06 9.017515819478239412e-06 8.839768349305920253e-06 1.962118358997732366e-04 1.768209116378634949e-07
3.097474202906066387e-09 1.570141942568942529e-05 1.084075368016376465e-06 -9.962606631961775405e-08 -7.870119362911215573e-07 -5.366290510927558320e-07 -4.115178112262872163e-08 7.239520024307976625e-06 3.342362580434670377e-06 -1.996725250610961321e-04 3.364075123932138431e-04 2.961381271451160938e-04 1.636240700564487512e-05 -2.111499398927909097e-05 -5.875376096232429873e-03 1.061112781717230295e-05 1.097693010314691567e-05 1.082998429331077655e-05 -9.888283687359857282e-04 3.433938146846192419e-04 -1.620916732412886222e-04 8.781081787845906164e-06 8.915992438786477447e-06 8.805756663390123534e-06 1.573043819804900549e-04 1.733985015465858010e-07
2.821443441313392155e-09 1.418589568313994816e-05 2.167583291331830939e-06 -9.493984678682372679e-08 -3.694495351387462436e-07 -3.926513798859083565e-07 -4.249825241304699457e-09 1.127932694710316795e-05 1.350668620175477160e-05 -3.447533138538148422e-04 2.871094984819962592e-04 4.905838736162715027e-04 2.905168632714845786e-05 -1.265138035517054638e-05 -5.487002356677574133e-03 9.477065384536512439e-06 1.082998429331077655e-05 1.805537839024412138e-05 1.731363753729585776e-03 3.304320852677914951e-04 -2.587764535916337125e-04 7.853219007650557367e-06 7.994379766503876753e-06 1.117180141753301737e-05 -8.361000978314789148e-05 1.805832787891696111e-07
1.990945331419217015e-06 -3.105064377083198261e-03 -3.754324517760067315e-03 -1.846590842212489207e-04 -8.415221864615888290e-04 -1.676423606699848094e-04 4.811874596172588430e-05 8.008047134554166502e-02 6.164410886391202132e-02 -1.508079745820138651e-01 -4.002025304755929547e+00 1.745728290420706930e-01 1.529092685663067464e-03 9.403595980740143689e-01 6.336780487313395582e+01 -1.766426838701539836e-03 -9.888283687359857282e-04 1.731363753729585776e-03 5.851449542428253636e+01 -1.089646590415785793e-01 6.399885290909699265e-01 -1.077956579669600654e-03 -1.534936930603490951e-03 -3.655507340193728336e-03 -2.719900786255875502e+00 1.200317591120466629e-04
8.362309726052387069e-08 4.438831128876004773e-04 4.069593052927854548e-05 -6.567469906846334259e-06 -4.157083788094048898e-05 -3.882377888755158044e-05 -1.004343930913156669e-05 1.718317954464241605e-03 8.233125493331040507e-04 -3.259544831979593882e-02 7.432430282590447856e-03 4.042999909870030606e-02 3.256578194399919329e-03 -3.365426683250005106e-03 -1.497554586238057373e-01 3.530236716894795878e-04 3.433938146846192419e-04 3.304320852677914951e-04 -1.089646590415785793e-01 6.049999671380575789e-02 -1.350826403788317823e-02 2.953599000157625760e-04 2.916639915970686728e-04 3.084857765930615575e-04 7.680972253365816495e-03 2.110948390842959959e-06
1.576991981702394793e-07 -4.129383177894369733e-04 -1.690544358862647973e-04 -1.231768020338033146e-05 -3.627104935798612835e-05 -1.090685993135473908e-04 -1.153644365142832576e-06 -2.532791793162490930e-03 2.105154107197874849e-03 6.521309985356663064e-02 -2.555466701096179571e-01 -1.226825698326978326e-01 -5.443364004718180722e-03 7.265162868179739220e-02 4.269170480838726967e+00 -1.254414876129628998e-04 -1.620916732412886222e-04 -2.587764535916337125e-04 6.399885290909699265e-01 -1.350826403788317823e-02 3.572135756264289141e-01 -6.543451855504964600e-05 -8.074786995243413753e-05 -5.454285695847065042e-06 -2.130036070209641655e-02 9.013421124577189361e-06
5.669421769449632357e-09 1.885673438036599786e-05 1.055859816161677891e-06 -2.503131525833195838e-07 -4.498663391354687943e-06 -4.128530957153184454e-09 -4.025130425057303709e-08 8.405158366290777484e-06 -5.796864788264217627e-06 -7.857379164450707665e-05 2.028512931769375742e-04 2.439374511329675500e-04 2.407894751696731582e-06 -2.946785474482667929e-05 -2.891942380368699422e-03 8.970407583320286657e-06 8.781081787845906164e-06 7.853219007650557367e-06 -1.077956579669600654e-03 2.953599000157625760e-04 -6.543451855504964600e-05 2.534332966687383469e-05 1.723367041638962171e-05 1.720208585934480982e-05 2.720293552139986439e-04 1.362336684952712427e-07
5.203608513008422557e-09 1.911215611409154604e-05 1.790111629502362707e-06 -2.518509238251221455e-07 -4.327313142005251264e-06 2.956346566608742790e-07 -3.242060906626560501e-08 7.735858621402934897e-06 -6.217839355444631873e-06 -1.055841084387859835e-04 2.536444627744327334e-04 2.793404261842483659e-04 3.679684253207675169e-06 -3.524393711533392820e-05 -3.893021767535364240e-03 9.017515819478239412e-06 8.915992438786477447e-06 7.994379766503876753e-06 -1.534936930603490951e-03 2.916639915970686728e-04 -8.074786995243413753e-05 1.723367041638962171e-05 2.188681204031131582e-05 1.776717188088056907e-05 8.754614268676459525e-04 1.119104272803391872e-07
4.372115693088748682e-09 1.792299560466688419e-05 1.705688702307090232e-06 -2.961357692298881910e-07 -4.029181469318369099e-06 -3.706834108125676164e-08 -1.212901290946159766e-07 8.239405537046743847e-06 -1.315796307259265364e-05 -6.386833946944466651e-05 3.127643898167151919e-04 1.678116615577712615e-04 3.759457683743291404e-06 -6.674232879162019709e-05 -4.201105213681987152e-03 8.839768349305920253e-06 8.805756663390123534e-06 1.117180141753301737e-05 -3.655507340193728336e-03 3.084857765930615575e-04 -5.454285695847065042e-06 1.720208585934480982e-05 1.776717188088056907e-05 6.981522910770483488e-05 3.011457313092347557e-03 8.983222566296154626e-08
-1.644523088572323370e-07 -4.576739108221641850e-04 1.409686219097695120e-03 -7.363904003576692871e-05 3.137950894115373781e-04 -1.855533799087016693e-04 -5.335539177042027695e-05 -3.860595818186389385e-03 -4.498321733172249912e-03 2.769480810502857049e-02 1.809884325652588999e-01 -3.967105986985588334e-02 -2.362833743368898502e-03 -4.421601911346258185e-02 -2.758802991231021462e+00 1.962118358997732366e-04 1.573043819804900549e-04 -8.361000978314789148e-05 -2.719900786255875502e+00 7.680972253365816495e-03 -2.130036070209641655e-02 2.720293552139986439e-04 8.754614268676459525e-04 3.011457313092347557e-03 3.935257700811127357e+00 -3.291985237206266194e-06
2.025317208307825425e-09 5.226583466388732027e-07 1.034758631927324993e-07 2.767597799229872059e-09 6.301678223006598484e-08 7.639163171304440347e-08 1.450935973540537381e-10 1.822480500470616480e-08 2.105721253624031173e-07 5.180124106310283155e-06 -1.060159652562238314e-05 -6.181592815868101317e-06 -5.090585637172850315e-07 5.914004532087632513e-07 1.834298932489274701e-04 1.768209116378634949e-07 1.733985015465858010e-07 1.805832787891696111e-07 1.200317591120466629e-04 2.110948390842959959e-06 9.013421124577189361e-06 1.362336684952712427e-07 1.119104272803391872e-07 8.983222566296154626e-08 -3.291985237206265770e-06 1.965682346925287830e-07
