# cosmomc_theta logA ns ombh2 omch2 tau A_planck PLK_cal_100A PLK_cal_100B PLK_cal_143B PLK_cal_217A PLK_cal_217B PLK_AdustT PLK_AdustP PLK_radio_ps PLK_cib_ps beta_cib xi Atsz Acib Aksz SPT_radio_ps SPT_cib_ps SPT_AdustT SPT_cal SPT3G_cal_T90 SPT3G_cal_T150 SPT3G_cal_T220 SPT3G_AdustT SPT3G_radio_ps SPT3G_cib_ps SPT3G_cal_E90 SPT3G_cal_E150 SPT3G_cal_E220 SPT3G_AdustP SPT3G_cal kappa ACT_cal ACT_pe_98 ACT_pe_150 ACTd_radio_ps ACTd_cib_ps ACTd_AdustT ACTd_AdustP ACTw_radio_ps ACTw_cib_ps ACTw_AdustT ACTw_AdustP
5.580023987440018668e-12 2.871115886449189495e-09 2.577373363909179721e-09 8.394059144506310207e-11 -8.861097381638101386e-10 1.670234643141909611e-09 1.838050510134723189e-10 -3.728828900021083900e-10 -5.333238474733599256e-10 -9.004870134651727833e-10 -3.551721833228836964e-10 -5.327233593960475926e-10 2.974979672305504131e-10 1.351735159910116151e-09 -1.680640622452023949e-08 1.449277202865833738e-09 -9.848837888505986949e-11 -1.287255571307468015e-09 2.874429427038247922e-08 6.164979469165375445e-09 2.182504811205405622e-09 -4.826795049554448462e-10 7.465915533571088779e-09 9.576541429710226285e-08 -1.946693414788214919e-09 -6.698618878719656553e-11 -9.945220642401124082e-11 -1.567111638320210410e-10 1.979035745721604456e-07 9.587146793723473184e-09 -1.152834209432312291e-08 -1.073050081896795611e-10 -1.539855550208581112e-10 -1.134132993434270862e-10 -7.117096071260258125e-08 2.209059254290375722e-09 2.173561226578363300e-10 -2.430365180518807875e-09 6.623282858098661075e-10 3.826898924539804640e-10 4.591610175236332203e-09 1.403700427963201077e-08 -1.007261782841881650e-07 -9.648171312449206636e-08 4.376213245358825499e-08 1.262866051676883312e-08 4.188482622997465539e-07 -6.736646231212178525e-08
2.871115886449189495e-09 1.857191854735462048e-04 2.317284306352974575e-06 1.631743562258669174e-07 -1.256770468160719632e-06 6.162643197408468570e-05 1.036657075912311910e-05 -2.180956046593961322e-05 -2.134584544430108796e-05 -4.313245322177979420e-05 -2.359057890320602144e-05 -1.961243952853484611e-05 2.604933586784056624e-05 3.303662053206625590e-05 1.744365382746324543e-03 2.842142537110598378e-04 -1.125198974732011682e-05 -4.534614555779803571e-05 4.659486719766971511e-04 2.506381889343669797e-04 -6.734780765554474521e-04 8.275692805507399788e-05 4.553332685643568284e-04 3.689094897358814610e-04 -6.777816302308948095e-05 -5.851762405671258496e-07 -4.594423518622318897e-07 -2.597970019525197411e-07 8.962185065382451089e-04 5.886803831786064202e-04 5.009740649129471469e-04 -1.216837770073317418e-06 -1.577226849821801318e-06 -1.538410401767352447e-06 -2.332176213121223021e-04 6.499673958173766161e-05 2.253371648324254744e-08 -7.005889292062457831e-05 3.332938067227510947e-06 1.937143970185842518e-06 2.612162216893081741e-04 4.474329056137405143e-04 -5.326362212653305839e-03 3.735204773493289707e-04 1.401811856413384856e-03 6.014560837595701306e-04 -7.188175241668323147e-03 3.787636019129298230e-04
2.577373363909179721e-09 2.317284306352974575e-06 1.144736579792555904e-05 9.529720750696370395e-08 -2.601036613208638931e-06 4.433457657377213438e-06 2.882946849760019127e-07 -3.421715322123328938e-07 -8.783116323420729575e-07 -1.421919590321293796e-06 -1.466933903946871812e-06 -2.791195238606169643e-07 4.486882172579887542e-06 1.108296028493705301e-05 -2.532019799716290955e-03 -7.963065979023462200e-05 -1.199736430258545943e-06 -2.222137125699380543e-05 2.037905701275064831e-04 6.338837179738226972e-06 -2.627564330970114906e-04 -2.316813672865867609e-06 4.438978828826131777e-05 9.897387461382895976e-04 -7.890131111660539108e-06 1.405020470587674452e-07 1.022685719606947166e-07 -7.851327127059116013e-08 -1.632236088770073448e-04 -1.354425356746754428e-05 5.833851316068824818e-05 -1.131827398166562625e-07 -3.293775499564175561e-08 -2.208848939600622856e-07 5.923477240538658128e-05 4.166054198972036263e-06 2.620271497136736305e-08 -8.695958744207561716e-06 1.586625662310445517e-06 1.623862049739095861e-06 1.441779074047652477e-05 4.830539045871091552e-05 3.302805974369374484e-03 -3.675907197476766019e-04 1.618274092764205013e-04 6.702124232858050880e-05 2.488699011198061174e-03 -1.638051528444568121e-04
8.394059144506310207e-11 1.631743562258669174e-07 9.529720750696370395e-08 1.152301654949799682e-08 -6.114676837519813134e-08 9.531094514683460197e-08 1.205421835474921040e-08 -2.989335564689837060e-08 -2.031679077881956928e-08 -5.089526179890775850e-08 -2.577009315579734914e-08 -2.682932209506274421e-08 -9.283397538629944533e-08 1.512987559739308922e-07 -3.747573314438178160e-05 -4.510891103249830567e-06 5.195595950435008080e-08 -7.651473782056581277e-07 4.761015705109389577e-06 2.770985285991009181e-06 -6.296039211764710224e-06 1.199835276984994225e-07 7.952533356461291779e-07 -9.921029446257349628e-06 -2.608644470178340200e-07 1.011594327844884098e-08 7.438298630651600511e-09 2.304336839748726841e-09 -5.461038451852269531e-05 4.145435332884581384e-07 1.873583463376333338e-06 -1.655163854512399992e-08 -1.635713071911603391e-08 -2.010841202079263667e-08 -6.499415131046643478e-06 1.056154507140317289e-07 2.696420374416560352e-09 -2.623411290654017146e-07 7.974917036674055948e-08 7.545304452626717662e-08 6.785644946910410362e-07 8.977702659938222019e-07 -4.094277688851210808e-05 -9.173667384945081453e-06 5.007776258861412812e-06 1.813311859140325192e-06 -7.847655225204772024e-05 -1.596146529157267725e-06
-8.861097381638101386e-10 -1.256770468160719632e-06 -2.601036613208638931e-06 -6.114676837519813134e-08 1.185208442715249255e-06 -1.571792354324064149e-06 -1.627283882450836936e-07 2.982340767650106243e-07 4.679741471151506180e-07 7.710893593246951072e-07 4.869286964122847782e-07 3.102117972343389475e-07 -2.365125308591446291e-07 -2.188049311310057572e-06 1.159124307967412135e-04 2.148985379146061022e-05 -7.927191491175844294e-07 4.742771036211669408e-06 -3.212601124362868542e-05 -1.241374608000620083e-05 6.853246782480185056e-06 5.310779917732392580e-08 -4.482327940429706989e-06 -5.022326156686121189e-05 1.965995773189226017e-06 2.493688616518424629e-08 4.086434172303894468e-08 8.711024196059865595e-08 1.557180749062207954e-04 -1.014365800875755249e-05 2.793116698745395134e-06 -8.292297890552564823e-09 1.442596800826317631e-08 1.029729056775350150e-07 2.983942859073173892e-05 -1.371827941064256731e-06 -9.036140123142712575e-09 2.149847950927992594e-06 -2.745812251470854294e-07 -2.595475799539158235e-07 -4.858079968781066325e-06 -3.302616956640194316e-06 -2.287041192811137247e-04 8.938551677569845863e-05 -4.008589123122241417e-05 -9.550677857698786435e-06 3.496476066999186008e-06 1.423258908451600708e-05
1.670234643141909611e-09 6.162643197408468570e-05 4.433457657377213438e-06 9.531094514683460197e-08 -1.571792354324064149e-06 3.554462696565149161e-05 -5.307547338299193625e-07 2.482936598616991046e-06 1.752384366309554101e-06 4.205049669518277485e-06 1.731292191616132607e-06 2.428651918358025582e-06 -3.853802886493741374e-06 -1.107006484501350717e-06 -1.188029195240877453e-03 -7.659500362706504609e-05 -3.903005926626957111e-06 -1.254153498452425153e-05 3.077031589844097620e-05 2.471739090170325652e-05 -2.151392242139631118e-04 1.045574822331608667e-06 -3.327536357282274547e-06 -3.000990229416052816e-04 1.648331607541990068e-06 -2.051819874830615627e-07 -1.879821487803439551e-07 -2.527767720047603857e-07 -4.376956842150203376e-05 -6.523101766935257984e-05 -5.247892230563712450e-05 -4.597536832036937852e-07 -5.746717371269550431e-07 -2.297187788630048744e-07 -1.755004367180277723e-04 -3.913037415116328479e-06 6.455228453124270864e-09 2.866784441928979165e-06 1.384928637236292208e-06 9.287781133166065359e-07 6.330867587426003441e-06 -8.596358290846487115e-06 -1.147543969990674805e-03 -3.179502103467809175e-05 -6.529618987606148120e-05 -5.637561699187019059e-06 -2.138174988276437746e-03 -6.152697026150911021e-05
1.838050510134723189e-10 1.036657075912311910e-05 2.882946849760019127e-07 1.205421835474921040e-08 -1.627283882450836936e-07 -5.307547338299193625e-07 6.119190681991121906e-06 1.353012522224981275e-07 3.045729601910023007e-07 4.441669740757290545e-07 -4.713559767743379340e-09 4.531131203389964565e-07 5.312644548206249126e-06 6.458024956831130902e-06 7.791607627010136610e-04 5.551024299066862445e-05 -8.438873822523999901e-07 -1.795296899427649005e-06 5.397814233274613160e-05 3.245322096918197373e-05 -4.047354257170204467e-06 1.355131388054998073e-05 7.527509751368133392e-05 1.447481841004831396e-04 -1.167882572644784520e-05 5.047491906157927144e-09 9.917184550751543709e-09 9.078735332758482839e-09 2.449942068707429811e-04 1.149203521829925308e-04 7.923337812698826282e-05 -1.712679091462662941e-07 -1.150909863567039543e-07 -2.445164583586061528e-07 1.616220753545431876e-05 1.157200759066017168e-05 1.870578745560267689e-09 -1.237794909061053255e-05 1.809922656985525901e-07 9.264010509704576726e-08 4.222757161652845783e-05 7.411489215723005269e-05 -6.736545659547138508e-04 7.785507205486618927e-05 2.481232360561957452e-04 9.813806672618684659e-05 -5.579269395867208570e-04 9.254010139274617352e-05
-3.728828900021083900e-10 -2.180956046593961322e-05 -3.421715322123328938e-07 -2.989335564689837060e-08 2.982340767650106243e-07 2.482936598616991046e-06 1.353012522224981275e-07 7.167569131933617559e-05 -4.294511444207557010e-05 2.795120099757658830e-05 1.501763629092484662e-05 1.275223177222975950e-05 -6.875173966912437074e-06 -1.722550810095778401e-05 -2.046829512577887696e-03 -1.167534194023889152e-04 8.263704776671466451e-06 1.953543241862836530e-06 -1.212927973588780786e-04 -1.772933546373333595e-04 2.698005451916838773e-05 -3.250774462329476518e-05 -1.519653097581914270e-04 9.919960161309765261e-04 2.595723541572075356e-05 2.842721857245791167e-07 1.920031517791305450e-07 -1.138746830049290506e-07 1.206585982486122009e-03 -2.682146503894389917e-04 -3.610607134629604392e-04 4.403586630164689421e-07 5.027280663184115712e-07 6.523057310417574752e-07 -2.102888144935987497e-04 -2.724735293472433848e-05 1.278605879057114524e-08 2.760755163884146695e-05 -1.286411519027816503e-07 2.402856610440770795e-07 -1.001506586198771371e-04 -1.488077729015564363e-04 3.615953562029543874e-03 -5.028600955496641484e-04 -5.761580347744592540e-04 -2.046285322051368872e-04 3.774129312802017994e-03 -1.608473992497317588e-04
-5.333238474733599256e-10 -2.134584544430108796e-05 -8.783116323420729575e-07 -2.031679077881956928e-08 4.679741471151506180e-07 1.752384366309554101e-06 3.045729601910023007e-07 -4.294511444207557010e-05 6.900658890417021689e-05 2.661341346237376169e-05 1.345708744886581641e-05 1.324079676735827816e-05 -1.519046726541358906e-05 -1.435659297759290712e-05 -1.170050958215968764e-03 -1.613946520581921971e-04 -8.196352954255622909e-06 2.114169865410392326e-05 -2.303994989227866306e-04 2.122542246198578134e-06 1.620023882222055341e-04 -2.068311258897726653e-05 -1.651298252901078705e-04 -1.516407896238225993e-03 2.607557754972922637e-05 -2.529703148771295984e-08 -2.889300279623960330e-09 4.126878267647559123e-08 -1.302517967171291403e-03 -2.366457905227521393e-04 -6.003176803107783795e-05 -5.062512366300941052e-07 -2.777837195453805671e-07 7.680949921130167945e-08 1.206033656090421295e-04 -2.501232751179142328e-05 -1.479203689774094780e-08 2.813597229379703664e-05 -8.064265452036536826e-07 -7.538603773357319308e-07 -7.384810161426898928e-05 -1.697732129039743057e-04 -1.779983125295125576e-03 3.452321796875337367e-04 -5.487877566973588684e-04 -2.242597367835150667e-04 -1.699427495202373781e-03 -1.846495497339545658e-04
-9.004870134651727833e-10 -4.313245322177979420e-05 -1.421919590321293796e-06 -5.089526179890775850e-08 7.710893593246951072e-07 4.205049669518277485e-06 4.441669740757290545e-07 2.795120099757658830e-05 2.661341346237376169e-05 5.456853684182478854e-05 2.868240663356599573e-05 2.600122554763958336e-05 -2.638280495716221457e-05 -3.176903179973644865e-05 -2.791645432921090620e-03 -2.812724161910812727e-04 4.451659033784761017e-07 1.919065254947470569e-05 -3.395803318022047146e-04 -1.473358462870196406e-04 1.660051584109002493e-04 -5.430610414408463025e-05 -3.284997452806546277e-04 -8.359235943297938475e-04 5.228247660704920158e-05 2.578660517752435043e-07 1.784992279006931912e-07 -8.461601178853022950e-08 -3.832011700462101917e-04 -5.067795327486759654e-04 -4.492605575295159268e-04 -6.220044370583977462e-08 2.167372529506043556e-07 7.386813018884431726e-07 -7.976520070504501073e-05 -5.232201059681368074e-05 -1.280199708208900169e-09 5.600853765533263229e-05 -9.924950474109676337e-07 -6.057349813162884830e-07 -1.754986175250360493e-04 -3.291308878193261551e-04 1.200597923080426194e-03 -1.074247930304989419e-04 -1.130815649168292547e-03 -4.426469544706203687e-04 1.731583097470304694e-03 -3.348002014290906445e-04
-3.551721833228836964e-10 -2.359057890320602144e-05 -1.466933903946871812e-06 -2.577009315579734914e-08 4.869286964122847782e-07 1.731292191616132607e-06 -4.713559767743379340e-09 1.501763629092484662e-05 1.345708744886581641e-05 2.868240663356599573e-05 8.579191606446746562e-05 -5.685610732832927438e-05 -2.878549280409075417e-05 -1.623911087753347792e-05 -1.484795159309621176e-03 -1.674438725942052622e-05 2.417573122096061647e-06 -5.092494491794578289e-06 -9.816116137938688847e-05 -4.901993375799293021e-05 -2.428415462580458175e-05 -3.815349013565998284e-05 -1.945234019961691483e-04 -6.253273262909976506e-04 2.826865416978544026e-05 2.244011241027638093e-07 1.303059431567923968e-07 -1.436959423205979701e-08 -6.498813020153577577e-04 -2.912257527772200527e-04 -3.162908634196243129e-04 2.058379521078974965e-07 2.128270146658156762e-07 7.180947189672937935e-07 1.673815571868350030e-04 -2.815879395534053928e-05 1.742833067675670471e-08 3.046769102658021414e-05 -5.086093687657342848e-07 -4.186360626621392113e-07 -9.640474353696289601e-05 -1.926264397536833056e-04 -5.112453822466479780e-04 2.075743485735825704e-04 -6.157281760764505771e-04 -2.384728405233747946e-04 -4.444369340648469924e-04 -1.281859856546510308e-04
-5.327233593960475926e-10 -1.961243952853484611e-05 -2.791195238606169643e-07 -2.682932209506274421e-08 3.102117972343389475e-07 2.428651918358025582e-06 4.531131203389964565e-07 1.275223177222975950e-05 1.324079676735827816e-05 2.600122554763958336e-05 -5.685610732832927438e-05 8.390863953818858509e-05 -1.130352557719521081e-05 -1.595418866444610941e-05 -5.492450881789299414e-04 -1.812376004990749441e-04 -3.830619832296897070e-06 1.934104039126367762e-05 -1.578645554133693407e-04 -6.425492048292169459e-05 9.645572222169614129e-05 -2.388411997913065176e-05 -1.412509667908865149e-04 -5.253222678270611434e-04 2.392365494806950732e-05 7.767807854535895448e-08 5.083875110425051181e-08 -1.549021753056816366e-07 -2.365256078254455909e-04 -2.408886257434581359e-04 -1.536157061381066046e-04 -2.232284768434154532e-07 3.981025498512406561e-08 4.154599234201684712e-08 -2.549351944866347754e-04 -2.441315791222541505e-05 -1.510733267219702633e-08 2.591410480047484015e-05 -4.846927899602134765e-07 -1.978313863009196152e-07 -8.839693086936210051e-05 -1.420892576927485970e-04 1.314868583813060899e-03 -2.707954602881503122e-04 -5.324981543514539914e-04 -2.074076279516305014e-04 1.774906410194629488e-03 -2.080041846113230778e-04
2.974979672305504131e-10 2.604933586784056624e-05 4.486882172579887542e-06 -9.283397538629944533e-08 -2.365125308591446291e-07 -3.853802886493741374e-06 5.312644548206249126e-06 -6.875173966912437074e-06 -1.519046726541358906e-05 -2.638280495716221457e-05 -2.878549280409075417e-05 -1.130352557719521081e-05 5.382580439776582211e-04 6.293474142191064775e-06 -1.089802848731716116e-02 3.769226617870826638e-03 6.583371624502359573e-05 3.598000260512371402e-04 -4.433305437621625476e-04 -5.675778450998104560e-03 1.182972428304448998e-03 8.998987592668472254e-05 1.947692735876659304e-03 7.387763369407952807e-02 -5.267411126069801273e-05 -3.210837312110084492e-07 2.501444635082470638e-07 1.720661744396574927e-06 5.485392697793636807e-02 3.101248857893370626e-04 5.111422014624271426e-03 -4.332049621428240368e-07 -8.321169027610714391e-07 -3.654427253076642269e-06 -2.426668762220144954e-03 3.661159316547441293e-05 -7.591738351744983720e-08 -5.454789438649492361e-05 4.768007465574475744e-06 1.119890870283462990e-05 1.821421076960135844e-04 1.930301408521777973e-03 1.458030719591516811e-01 -1.140903086945044970e-02 1.137910345406348929e-03 2.142796438952424519e-03 1.077869210971406227e-01 -4.920958446053008348e-03
1.351735159910116151e-09 3.303662053206625590e-05 1.108296028493705301e-05 1.512987559739308922e-07 -2.188049311310057572e-06 -1.107006484501350929e-06 6.458024956831130902e-06 -1.722550810095778401e-05 -1.435659297759290712e-05 -3.176903179973644865e-05 -1.623911087753347792e-05 -1.595418866444610941e-05 6.293474142191064775e-06 3.754359326880469389e-04 5.702386831963699582e-04 -1.349931479596623715e-04 2.749274784686639626e-07 -4.842911179568861228e-05 4.031349124106124835e-04 4.031688317300254824e-04 -3.398289224520053783e-04 4.851421539309358938e-05 2.186211056886517927e-04 -2.194381502889296200e-03 -4.886055595452176161e-05 6.320892409273755708e-08 2.465146622972737557e-07 3.393110881099974472e-08 -9.277495210441941836e-04 4.026457855714895098e-04 -6.237848040974139818e-05 -2.020884538220601709e-07 -1.327007394506994263e-07 1.158064848812277933e-07 1.008865797952670351e-06 4.357780501936427272e-05 -4.339718563148478477e-08 -5.266998126533015378e-05 3.906846214116139809e-06 1.737906522647459344e-06 1.866199949601851605e-04 2.115955584166592091e-04 -5.903131210275161696e-03 -5.321745246026425807e-05 1.064109232964027124e-03 3.046796164734119519e-04 -8.157468497282445441e-03 4.436841789993110495e-04
-1.680640622452023949e-08 1.744365382746324543e-03 -2.532019799716290955e-03 -3.747573314438178160e-05 1.159124307967412135e-04 -1.188029195240877453e-03 7.791607627010136610e-04 -2.046829512577887696e-03 -1.170050958215968764e-03 -2.791645432921090620e-03 -1.484795159309621176e-03 -5.492450881789299414e-04 -1.089802848731716116e-02 5.702386831963699582e-04 7.226613726492651324e+00 -1.038656216939067983e-01 8.806178918454359017e-03 -8.946864704025064494e-03 -1.440600183009068114e-01 1.206123163176449770e-01 9.901785284319940261e-02 1.454950324870810802e-02 -6.020812840003959832e-02 -1.440405226852332854e+00 2.100447188056632410e-03 -1.766590311161412295e-04 -1.216561562623910090e-04 4.384836242626231851e-05 -6.319891223387062995e-01 9.009517091005271594e-02 -1.666310611084378390e-01 2.359707245067134993e-04 8.018582218518509287e-05 2.601193371978002074e-05 1.394543429912705954e-02 2.127967275873172102e-03 8.486660370531337434e-06 4.850908735088037336e-04 -1.168731317493527889e-03 -1.262607861300856817e-03 2.193225209325579475e-02 -6.330432337909837337e-02 -2.873846129628595314e+00 2.883380249767871772e-01 2.101978748527598417e-02 -7.637466931222912370e-02 -1.810254429822885980e+00 1.951296335495363021e-01
1.449277202865833738e-09 2.842142537110598378e-04 -7.963065979023462200e-05 -4.510891103249830567e-06 2.148985379146061022e-05 -7.659500362706504609e-05 5.551024299066862445e-05 -1.167534194023889152e-04 -1.613946520581921971e-04 -2.812724161910812727e-04 -1.674438725942052622e-05 -1.812376004990749441e-04 3.769226617870826638e-03 -1.349931479596623715e-04 -1.038656216939067983e-01 1.948126909064136492e-01 -8.815571734840431037e-03 1.124512634360821592e-02 4.807580226490798525e-02 -8.218126583204944657e-02 -4.732431631294361368e-02 -3.766768785818499880e-03 4.678071262440680611e-02 1.080795251008990432e+00 -1.092051807507918738e-03 8.567595274447276110e-06 9.470804038121433032e-07 -2.463841819738357645e-05 7.392298769983868256e-01 -2.471189259512623915e-02 1.484608044526457560e-01 3.007609648398551094e-06 1.588317369933742343e-06 -6.310866779321762116e-05 -3.751418035080768959e-02 3.277907382793853299e-04 9.270465862457346176e-07 -6.306361571793228996e-04 1.171933970824496723e-04 2.107880400838639643e-04 -3.415659508860341594e-03 4.564226597348697984e-02 3.038290950255658096e+00 -2.310093417745483768e-01 5.509193994527824580e-03 5.260864586595664916e-02 2.255074455216463658e+00 -1.009519562555525052e-01
-9.848837888505986949e-11 -1.125198974732011682e-05 -1.199736430258545943e-06 5.195595950435008080e-08 -7.927191491175844294e-07 -3.903005926626957111e-06 -8.438873822523999901e-07 8.263704776671466451e-06 -8.196352954255622909e-06 4.451659033784761017e-07 2.417573122096061647e-06 -3.830619832296897070e-06 6.583371624502359573e-05 2.749274784686639626e-07 8.806178918454359017e-03 -8.815571734840431037e-03 1.491527982347794126e-03 -1.414411923846534830e-03 -2.628594230566547781e-03 -1.808807519995803310e-03 1.305951274811237642e-03 2.638057669962485087e-04 -2.630901408919198142e-03 3.601942605686871829e-02 6.525063268289098186e-05 -7.305996389825630905e-07 -9.077069187191613695e-07 1.873190107269349408e-06 1.216428849458334356e-02 2.634082713376515675e-03 -9.807492495787906508e-03 1.169401622156488421e-06 -6.924580012567098215e-08 2.530832779052904812e-06 -9.348968974449468634e-04 -1.688113264801169741e-06 -1.327070280507452880e-07 1.280151813681609580e-05 -6.842009370213926421e-06 -5.422307274320584683e-06 2.706061999266631737e-04 -2.303855101707906038e-03 -4.361979914343701303e-02 3.394242095886744730e-03 2.504473599675567891e-04 -2.781619536922843791e-03 -3.180570313712848679e-02 7.292053644034273774e-04
-1.287255571307468635e-09 -4.534614555779803571e-05 -2.222137125699380543e-05 -7.651473782056581277e-07 4.742771036211669408e-06 -1.254153498452425153e-05 -1.795296899427648793e-06 1.953543241862834836e-06 2.114169865410392326e-05 1.919065254947470569e-05 -5.092494491794580830e-06 1.934104039126367762e-05 3.598000260512371402e-04 -4.842911179568861905e-05 -8.946864704025064494e-03 1.124512634360821592e-02 -1.414411923846534830e-03 6.968970532667203427e-03 -1.155782778241381224e-02 -5.164072899768100758e-03 3.426620714449214733e-02 4.958770548607462992e-04 6.537753068163210633e-03 -2.121215418551961746e-02 -1.255257983388937264e-05 2.675423665512905149e-06 5.606645748876064329e-06 6.196956239743502115e-06 5.369703032131546011e-02 -7.390126059213891719e-04 1.148417754671246863e-02 -7.327049785700947685e-06 -9.519223545194939999e-06 -1.334463547178127664e-05 -3.534970156576379592e-03 -2.900829124666506778e-05 2.311630261698462575e-07 1.238119354385509174e-05 1.280542122155345137e-05 1.284311223610758148e-05 1.042190420076209625e-03 5.728278338904720102e-03 -8.840988599010718776e-03 4.880158783876663124e-03 4.504995314219966155e-04 6.562146353054649356e-03 -3.613294652339553437e-02 3.227668470447017657e-03
2.874429427038247922e-08 4.659486719766971511e-04 2.037905701275064831e-04 4.761015705109389577e-06 -3.212601124362868542e-05 3.077031589844097620e-05 5.397814233274613160e-05 -1.212927973588780786e-04 -2.303994989227866306e-04 -3.395803318022047146e-04 -9.816116137938688847e-05 -1.578645554133693407e-04 -4.433305437621625476e-04 4.031349124106124835e-04 -1.440600183009068114e-01 4.807580226490798525e-02 -2.628594230566547781e-03 -1.155782778241381224e-02 1.179461091922532068e-01 -3.178913565663862330e-03 -1.599620587923396287e-01 -8.427483330998936095e-03 8.790330509047006649e-03 3.165618679363007004e-01 -1.503136075852879285e-03 4.062557803801069764e-05 3.199794271061400064e-06 -8.019006267048211524e-05 -1.755560952490874405e-01 -2.678011165409317773e-02 4.184661008269164456e-02 1.480379376941648545e-05 2.348359558121250012e-05 1.371796993187093714e-05 1.043500857132214320e-02 5.047964427691120203e-04 8.754029745560700414e-07 -9.431922194643074363e-04 1.926520114285801939e-04 1.808148922724214292e-04 -1.058767397360345190e-02 1.132046800142018708e-02 9.937519428258947407e-01 -8.177595179224400601e-02 3.939133519680493994e-03 1.480014188873849008e-02 7.924314044044152849e-01 -4.516544095412438481e-02
6.164979469165374618e-09 2.506381889343669797e-04 6.338837179738228666e-06 2.770985285991009181e-06 -1.241374608000620083e-05 2.471739090170325991e-05 3.245322096918198051e-05 -1.772933546373333595e-04 2.122542246198573475e-06 -1.473358462870196406e-04 -4.901993375799292344e-05 -6.425492048292169459e-05 -5.675778450998104560e-03 4.031688317300254824e-04 1.206123163176449770e-01 -8.218126583204944657e-02 -1.808807519995803310e-03 -5.164072899768100758e-03 -3.178913565663862330e-03 9.403845958314158149e-02 -6.362731201853466176e-03 7.656699870741289935e-04 -2.558611707263506313e-02 -1.210694387539325234e+00 9.599666724004998937e-05 -7.439839617941835774e-06 -6.272299655822807152e-06 -1.078619122171961249e-05 -8.268392504808297350e-01 5.712496726162159984e-03 -7.001181581351230421e-02 -2.279731364009764402e-06 5.517978539210355249e-06 4.606555590315059283e-05 4.389160094223491099e-02 2.171309284010398868e-04 7.499594843102440358e-07 2.492771564722610773e-05 -7.758092219010594831e-05 -1.833494528658059948e-04 1.139541842246557645e-03 -2.601547695674673658e-02 -2.387798271181473808e+00 1.823518813035484298e-01 6.514063908247852853e-04 -2.825744155889221149e-02 -1.763767428833282747e+00 8.712877868865606668e-02
2.182504811205406863e-09 -6.734780765554474521e-04 -2.627564330970114906e-04 -6.296039211764710224e-06 6.853246782480185056e-06 -2.151392242139631118e-04 -4.047354257170206161e-06 2.698005451916840128e-05 1.620023882222055341e-04 1.660051584109002493e-04 -2.428415462580458514e-05 9.645572222169614129e-05 1.182972428304448998e-03 -3.398289224520053783e-04 9.901785284319940261e-02 -4.732431631294361368e-02 1.305951274811237642e-03 3.426620714449214733e-02 -1.599620587923396287e-01 -6.362731201853466176e-03 3.767885997617059224e-01 7.394468932301577480e-03 8.875919441726165537e-03 -7.505149795237950894e-01 4.400671081287643922e-04 -2.486620696755482141e-05 1.965493200322049856e-05 1.061054394901625935e-04 2.519114025044685290e-01 3.102176532917590851e-02 -4.129490504258596928e-02 -7.036021108648273588e-05 -8.573417548034424759e-05 -5.484209057389375025e-05 -1.489516694070130987e-02 -2.201876735714815476e-04 -4.084692856193119026e-07 4.721747260809905345e-04 -4.889611734958652402e-05 -9.438743295637668570e-05 8.823207058450339632e-03 4.344072645634901482e-03 -2.961418066855282305e+00 2.573328045575687395e-01 1.063196676194547922e-04 3.068166962223300813e-03 -2.433670930810283739e+00 1.325638782726930309e-01
-4.826795049554448462e-10 8.275692805507399788e-05 -2.316813672865867609e-06 1.199835276984994225e-07 5.310779917732392580e-08 1.045574822331608667e-06 1.355131388054998073e-05 -3.250774462329476518e-05 -2.068311258897726653e-05 -5.430610414408463025e-05 -3.815349013565998284e-05 -2.388411997913065176e-05 8.998987592668472254e-05 4.851421539309358938e-05 1.454950324870810802e-02 -3.766768785818499880e-03 2.638057669962485087e-04 4.958770548607462992e-04 -8.427483330998936095e-03 7.656699870741289935e-04 7.394468932301577480e-03 1.824258338944070553e-03 -4.818086948787228866e-04 8.590952388021361739e-05 -8.746670120504615464e-05 -3.487544570422174946e-06 -5.540665341754891971e-07 6.633652519658472334e-06 1.457635386894188222e-02 3.423653141241034519e-03 -2.608255582128977262e-03 -1.180868731910321940e-06 -2.229843212171609159e-06 -3.174456906995623713e-06 -6.723505841855092644e-04 7.811225733330886395e-05 -7.790735103265922153e-08 -5.356161773735821198e-05 -1.517974768264427578e-05 -1.315377158488019387e-05 1.593989023169938490e-03 -3.814671938203890718e-04 -1.982234879964462834e-02 1.407919844457293469e-03 2.680889479471145614e-03 -3.468405053232397474e-04 -2.257598508247891586e-02 1.749159872467998802e-03
7.465915533571088779e-09 4.553332685643568284e-04 4.438978828826131777e-05 7.952533356461291779e-07 -4.482327940429706989e-06 -3.327536357282274547e-06 7.527509751368133392e-05 -1.519653097581914270e-04 -1.651298252901078705e-04 -3.284997452806546277e-04 -1.945234019961691483e-04 -1.412509667908865149e-04 1.947692735876659304e-03 2.186211056886517927e-04 -6.020812840003959832e-02 4.678071262440680611e-02 -2.630901408919198142e-03 6.537753068163209766e-03 8.790330509047006649e-03 -2.558611707263506313e-02 8.875919441726162068e-03 -4.818086948787228866e-04 2.563116882319357165e-02 2.838499500314007329e-01 -8.008322219532181940e-04 9.472424399295070098e-06 8.798094998432739341e-06 1.719653398131252375e-06 2.384256610601055149e-01 -2.810842918511079723e-03 4.685147127456162908e-02 -1.050361429793487978e-05 -1.153032103235207392e-05 -3.274483609717586548e-05 -1.204846815264302463e-02 4.829945232410686818e-04 -2.879028391943321276e-07 -6.835820926812627993e-04 7.735021212337623360e-05 9.863003263667475780e-05 1.249531230583636292e-03 1.864173859157236199e-02 7.724786945143702344e-01 -5.719929715357809086e-02 1.225622359256792714e-02 2.180296276232180502e-02 5.420224210461309644e-01 -2.189488726890470582e-02
9.576541429710226285e-08 3.689094897358814610e-04 9.897387461382895976e-04 -9.921029446257349628e-06 -5.022326156686121189e-05 -3.000990229416052816e-04 1.447481841004831396e-04 9.919960161309765261e-04 -1.516407896238225993e-03 -8.359235943297938475e-04 -6.253273262909976506e-04 -5.253222678270611434e-04 7.387763369407952807e-02 -2.194381502889296200e-03 -1.440405226852332854e+00 1.080795251008990432e+00 3.601942605686871829e-02 -2.121215418551962439e-02 3.165618679363007004e-01 -1.210694387539325234e+00 -7.505149795237950894e-01 8.590952388021361739e-05 2.838499500314007329e-01 2.764714070714318339e+01 -8.477396788624115553e-03 4.469410625536837114e-05 -4.640697899295364871e-05 -9.330753432234691297e-05 1.040447745612226704e+01 -6.110113656390668557e-02 9.240772910404538854e-01 1.402313404758668398e-04 6.815886149693670224e-05 -4.330258624982040645e-04 -5.404221498822160408e-01 1.260922350206592499e-03 -5.139661445134129263e-06 -4.606085472657985014e-03 9.917615401026655744e-04 2.348763403376774930e-03 6.431062077136450632e-04 3.220756836429624625e-01 3.863729151920755811e+01 -3.055237027185800258e+00 8.797239002708988342e-02 3.627534031633652956e-01 2.834018996083742081e+01 -1.477106134637200086e+00
-1.946693414788214919e-09 -6.777816302308948095e-05 -7.890131111660539108e-06 -2.608644470178340200e-07 1.965995773189226017e-06 1.648331607541990068e-06 -1.167882572644784520e-05 2.595723541572075356e-05 2.607557754972922637e-05 5.228247660704920158e-05 2.826865416978544026e-05 2.392365494806950732e-05 -5.267411126069801273e-05 -4.886055595452176161e-05 2.100447188056632410e-03 -1.092051807507918738e-03 6.525063268289098186e-05 -1.255257983388937602e-05 -1.503136075852879285e-03 9.599666724004998937e-05 4.400671081287643922e-04 -8.746670120504615464e-05 -8.008322219532181940e-04 -8.477396788624115553e-03 1.556491783700044492e-04 -7.908788349306013278e-07 -5.039321420094657797e-07 -9.852820097073978792e-09 -1.434505657167046673e-03 -3.540429262418031417e-04 -1.467522199506827909e-03 1.136974888646984775e-06 1.104183406588849363e-06 1.619199264584973418e-06 -1.937844985836616478e-05 -7.733687187898920538e-05 -1.023839552568337190e-09 9.429488578105618528e-05 -6.919237879910181417e-06 -6.204306459507767314e-06 -1.096238234093974866e-04 -7.991151892685093754e-04 1.054173467601541517e-03 -7.618945578076746913e-05 -1.661992588707047894e-03 -1.023057563256781237e-03 3.052643934855186602e-03 -5.313719870422806916e-04
-6.698618878719656553e-11 -5.851762405671258496e-07 1.405020470587674452e-07 1.011594327844884098e-08 2.493688616518424629e-08 -2.051819874830615627e-07 5.047491906157927144e-09 2.842721857245791167e-07 -2.529703148771295984e-08 2.578660517752435043e-07 2.244011241027638093e-07 7.767807854535895448e-08 -3.210837312110084492e-07 6.320892409273755708e-08 -1.766590311161412295e-04 8.567595274447276110e-06 -7.305996389825630905e-07 2.675423665512904726e-06 4.062557803801069764e-05 -7.439839617941832386e-06 -2.486620696755481802e-05 -3.487544570422174946e-06 9.472424399295070098e-06 4.469410625536837114e-05 -7.908788349306013278e-07 1.828794429588930510e-05 1.745896000694146274e-05 1.581335064726152427e-05 -6.857091699201672960e-04 8.001691274900597577e-05 7.345074879326928864e-05 1.511583061802019927e-05 1.530854592796699346e-05 1.447237320468653663e-05 -9.030577099174640857e-05 -3.308567976638548676e-05 1.811052925684368095e-08 -3.207870933443056505e-07 1.650385003407980806e-07 1.348724536353999328e-07 -5.557540260942439857e-06 7.858784064437238239e-06 -2.878629008822886385e-04 -4.380437027288050853e-05 3.777756604625841923e-06 1.164075389815599028e-05 -6.630450787520706659e-05 -6.119216817360719439e-05
-9.945220642401124082e-11 -4.594423518622318897e-07 1.022685719606947166e-07 7.438298630651600511e-09 4.086434172303894468e-08 -1.879821487803439551e-07 9.917184550751543709e-09 1.920031517791305450e-07 -2.889300279623960330e-09 1.784992279006931912e-07 1.303059431567923968e-07 5.083875110425051181e-08 2.501444635082470638e-07 2.465146622972737557e-07 -1.216561562623910090e-04 9.470804038121433032e-07 -9.077069187191613695e-07 5.606645748876065176e-06 3.199794271061400064e-06 -6.272299655822802917e-06 1.965493200322050195e-05 -5.540665341754891971e-07 8.798094998432739341e-06 -4.640697899295364871e-05 -5.039321420094657797e-07 1.745896000694146274e-05 1.781015945344785887e-05 1.714822697794481053e-05 8.623673467288448056e-04 -1.202048527453039180e-05 -4.103537997609881948e-05 1.505088254953555297e-05 1.534334113514376939e-05 1.451593494520433763e-05 -1.636225732214960263e-04 -3.274980428697521690e-05 2.246092964041167968e-08 -3.179448573103173924e-07 1.791400464134308617e-07 8.503154259637155549e-08 -3.702613458480650471e-07 5.739134605601079874e-06 -4.189846387005653218e-04 -6.585942764123115847e-06 9.733905441432361014e-06 1.308268033853300877e-05 -4.209533022516924851e-04 -5.896707338396736631e-05
-1.567111638320210410e-10 -2.597970019525197411e-07 -7.851327127059116013e-08 2.304336839748726841e-09 8.711024196059865595e-08 -2.527767720047603857e-07 9.078735332758482839e-09 -1.138746830049290506e-07 4.126878267647559123e-08 -8.461601178853022950e-08 -1.436959423205979701e-08 -1.549021753056816366e-07 1.720661744396574927e-06 3.393110881099974472e-08 4.384836242626231851e-05 -2.463841819738357645e-05 1.873190107269349408e-06 6.196956239743502115e-06 -8.019006267048211524e-05 -1.078619122171960910e-05 1.061054394901625800e-04 6.633652519658472334e-06 1.719653398131252375e-06 -9.330753432234691297e-05 -9.852820097073978792e-09 1.581335064726152427e-05 1.714822697794481053e-05 2.393765641557984183e-05 4.601174850753303285e-03 -1.151875160700041204e-04 -2.766604957001091310e-04 1.410900586842053454e-05 1.420807590621686078e-05 1.675631837149403432e-05 -4.177427633288669927e-04 -3.033260845972994779e-05 2.411270385801945779e-08 -1.036905384787681980e-07 -7.930678198156639588e-09 -1.662112458068225666e-07 1.269933788900477665e-05 -2.317802324851947037e-06 -1.136376367510357789e-03 6.140646163902705520e-05 1.818647017767300832e-05 2.728537256291484629e-06 -7.424763882182565302e-04 -1.082751069481982655e-04
1.979035745721604456e-07 8.962185065382451089e-04 -1.632236088770073991e-04 -5.461038451852269531e-05 1.557180749062207954e-04 -4.376956842150203376e-05 2.449942068707429811e-04 1.206585982486122009e-03 -1.302517967171291187e-03 -3.832011700462101917e-04 -6.498813020153577577e-04 -2.365256078254455909e-04 5.485392697793636807e-02 -9.277495210441941836e-04 -6.319891223387062995e-01 7.392298769983868256e-01 1.216428849458334356e-02 5.369703032131546011e-02 -1.755560952490874405e-01 -8.268392504808297350e-01 2.519114025044685290e-01 1.457635386894188222e-02 2.384256610601055149e-01 1.040447745612226704e+01 -1.434505657167046673e-03 -6.857091699201672960e-04 8.623673467288448056e-04 4.601174850753303285e-03 1.093592289950868661e+02 -6.296139131520623877e-01 -1.201351078404604245e+01 -8.622266488649549384e-04 -2.153248007265394417e-03 -6.407100445403745778e-03 -5.952343256675078464e+00 2.340149483561702968e-03 2.310763537858306769e-05 -2.500005451319668726e-03 6.722817282843248244e-04 1.033214274813254799e-03 2.780152877949839188e-02 2.396797677228346413e-01 2.103273318998847685e+01 -1.277363075562956585e+00 9.334255080130027249e-02 1.928581878315678011e-01 1.789888763875162425e+01 -1.064592437168834227e+00
9.587146793723473184e-09 5.886803831786064202e-04 -1.354425356746754428e-05 4.145435332884581384e-07 -1.014365800875755249e-05 -6.523101766935257984e-05 1.149203521829925308e-04 -2.682146503894389917e-04 -2.366457905227521393e-04 -5.067795327486759654e-04 -2.912257527772200527e-04 -2.408886257434581359e-04 3.101248857893370626e-04 4.026457855714895098e-04 9.009517091005271594e-02 -2.471189259512623915e-02 2.634082713376515675e-03 -7.390126059213892804e-04 -2.678011165409317773e-02 5.712496726162159984e-03 3.102176532917590851e-02 3.423653141241034519e-03 -2.810842918511079723e-03 -6.110113656390668557e-02 -3.540429262418031417e-04 8.001691274900597577e-05 -1.202048527453039180e-05 -1.151875160700041204e-04 -6.296139131520623877e-01 2.502728673019261052e-01 1.480489671674919440e-02 -1.091749643473694507e-04 -1.602200656994702316e-04 -1.219891635387436370e-04 4.735516890295027315e-02 1.073839573005556242e-03 9.011501148602926485e-07 -6.253842600110467520e-04 -7.592737532867163219e-05 -5.422255831370963294e-05 5.974210324910672783e-03 -2.843600379075350917e-03 -4.269621475714600045e-01 3.588780301221398267e-02 1.657709052337910313e-02 -1.649874611969898760e-03 -3.272207664810990457e-01 3.738998189721304266e-02
-1.152834209432311795e-08 5.009740649129470385e-04 5.833851316068824818e-05 1.873583463376332915e-06 2.793116698745395134e-06 -5.247892230563712450e-05 7.923337812698826282e-05 -3.610607134629604392e-04 -6.003176803107783795e-05 -4.492605575295159268e-04 -3.162908634196243129e-04 -1.536157061381066046e-04 5.111422014624271426e-03 -6.237848040974138463e-05 -1.666310611084378390e-01 1.484608044526457560e-01 -9.807492495787906508e-03 1.148417754671246863e-02 4.184661008269164456e-02 -7.001181581351230421e-02 -4.129490504258597622e-02 -2.608255582128977262e-03 4.685147127456162908e-02 9.240772910404538854e-01 -1.467522199506827475e-03 7.345074879326928864e-05 -4.103537997609881948e-05 -2.766604957001091310e-04 -1.201351078404604245e+01 1.480489671674919440e-02 2.138303938404980009e+00 -6.065937698861095871e-05 1.022650656244219775e-04 4.983539269203638052e-04 6.444219131985834403e-01 7.772445822976330318e-04 -3.232961925654249580e-06 -9.846225725250723742e-04 1.384501234053138040e-04 2.728334694496978600e-04 -2.450390196970466620e-03 4.543677337264575428e-02 2.635970700749681761e+00 -2.358649510953161887e-01 9.370269525292062099e-03 6.462214197082388756e-02 1.557754619690756126e+00 -4.686450055133820070e-02
-1.073050081896795611e-10 -1.216837770073317418e-06 -1.131827398166562625e-07 -1.655163854512399992e-08 -8.292297890552564823e-09 -4.597536832036937852e-07 -1.712679091462662941e-07 4.403586630164689421e-07 -5.062512366300941052e-07 -6.220044370583977462e-08 2.058379521078974965e-07 -2.232284768434154532e-07 -4.332049621428240368e-07 -2.020884538220601709e-07 2.359707245067134993e-04 3.007609648398551094e-06 1.169401622156488421e-06 -7.327049785700947685e-06 1.480379376941648545e-05 -2.279731364009763131e-06 -7.036021108648273588e-05 -1.180868731910321940e-06 -1.050361429793487978e-05 1.402313404758668398e-04 1.136974888646984775e-06 1.511583061802019927e-05 1.505088254953555297e-05 1.410900586842053454e-05 -8.622266488649549384e-04 -1.091749643473694507e-04 -6.065937698861095871e-05 2.908186019575381771e-05 2.132260940567806418e-05 2.083226492610525362e-05 -7.951532234036547283e-05 -3.662479167666826609e-05 -5.744795299294884367e-09 9.952394329948430696e-07 -4.051796359779281037e-07 -4.778072883854637012e-07 -2.577711380944883988e-06 -1.190233763335305772e-05 6.415164467163134241e-04 -6.701855112077865324e-05 -1.933966145965993581e-05 -5.023717464769527422e-06 -4.022245030821841637e-05 -7.581355625906693950e-05
