# H0 logA ns omegabh2 omegach2 tau beta_cib beta_radio A_planck PLK_cal_100A PLK_cal_100B PLK_cal_143B PLK_cal_217A PLK_cal_217B PLK_pe_100A PLK_pe_100B PLK_pe_143A PLK_pe_143B PLK_pe_217A PLK_pe_217B PLK_Adust100TT PLK_Adust143TT PLK_Adust217TT PLK_alpha_dustTT PLK_Adust100TE PLK_Adust143TE PLK_Adust217TE PLK_Adust100EE PLK_Adust143EE PLK_Adust217EE PLK_radio_TT PLK_cib_ps xi Atsz Acib Aksz
2.851749914552019760e-01 6.674142210003511204e-04 1.499680747487832462e-03 4.887839440598747885e-05 -6.182482233770523767e-04 7.947213699071066506e-04 4.709937943022197092e-04 -1.224452285294365611e-03 7.855105181042444087e-05 1.805795944217386583e-04 1.609996409814138285e-04 3.397748801059003658e-04 1.214027314309021609e-04 2.139835112292199552e-04 4.564557388657073658e-04 -3.348701444454355090e-04 7.007114595765259442e-04 -6.127870420108040691e-04 5.777044930317898976e-05 1.999139923253156686e-06 1.385039429214569850e-01 2.539210152333094481e-02 8.340191998125435005e-03 -7.988008829362215407e-04 -6.867166636257277836e-03 -7.593307101439539589e-03 -2.016293109417535961e-03 3.567125275999343589e-03 1.060170446007962586e-03 -1.390426268937201060e-05 -9.515309074281566581e-02 -2.493093727679506974e-04 3.198823687391113592e-03 2.638257170657694328e-03 -1.705915959091050191e-03 -8.171592301321675689e-02
6.674142210003511204e-04 2.029391282822092532e-04 5.934602368618650012e-06 2.970387555413561226e-07 -9.768219221379829561e-07 6.858216403077496714e-05 1.605722584803101065e-05 1.905854605116490971e-05 1.140512736909531910e-05 2.001579179831571625e-05 2.263550451862895080e-05 4.258455243545545811e-05 1.988003116325201845e-05 2.215445037404396525e-05 -3.343190346746026332e-06 -3.253334570808156342e-07 5.537191188416253583e-05 -6.302476250740644337e-05 4.045525694685250382e-06 -7.575375020858291652e-06 4.453659527584853087e-04 9.736746941248827910e-04 6.009217511697540317e-04 1.831904603494755054e-05 2.129723474941127149e-05 4.080183817588766901e-05 1.697940300775961831e-05 2.122055414904931020e-05 1.790696187716199708e-05 5.891994538655035954e-06 4.428822804843431278e-03 7.679469039999646572e-04 1.702065439951986898e-04 -8.407138114727826449e-05 -1.567443363117203368e-04 -3.040623408541531011e-03
1.499680747487832462e-03 5.934602368618650012e-06 1.625856346226048495e-05 2.271172310742260520e-07 -3.356159079942705370e-06 6.192466447328617812e-06 6.430660986981198562e-06 1.617851645020402349e-05 5.282794496539315402e-07 1.364880572333209725e-06 8.644732415730377622e-07 2.312414578122563367e-06 7.672120485228545026e-07 1.699197552497797011e-06 -2.390009266850812338e-06 5.492462156975796012e-07 2.865184033895540515e-06 -3.872307970985831232e-06 1.645801341916532928e-06 -2.045313287784891382e-06 7.025847454435446733e-03 7.042078023875904952e-04 2.777396557836801718e-04 -6.162333636308348008e-05 -4.970992402460067149e-05 -3.862888139900313018e-05 -7.333756405157062913e-06 3.577038550936010295e-05 9.601785459635192547e-06 1.433366918885662275e-06 -4.541595024759790514e-04 -1.646936782423022091e-04 5.311005804414292220e-05 -6.953073589992447357e-05 2.764152250185163682e-04 -2.179111945284438901e-03
4.887839440598747885e-05 2.970387555413561226e-07 2.271172310742260520e-07 1.848386075295143309e-08 -8.301223648779072159e-08 1.683201659593162211e-07 1.607430379034915320e-07 -6.213841941003291895e-07 1.834216641146250297e-08 4.309221641966281356e-08 3.014069066637720984e-08 7.438001228782201932e-08 3.012730518070247888e-08 4.631392607568299262e-08 -1.203296486371673392e-07 -7.177649460652821110e-08 2.599823453136268452e-08 -1.968987589239563146e-07 -1.386730093222273241e-08 -1.501782972300946756e-07 5.458683856188893582e-05 5.428606900425636638e-06 3.743343955967625989e-06 3.058326618258754249e-08 -1.595256175012332112e-06 -2.338396128982871897e-06 -6.878314625999720664e-07 1.791252530373150857e-07 5.402524454539223348e-08 2.867122837323163049e-08 -5.790891794740833388e-05 9.816183109771446015e-07 1.288007597147072364e-06 -3.189260633841079714e-07 -3.432583111916425915e-06 -3.828691965404509568e-05
-6.182482233770523767e-04 -9.768219221379829561e-07 -3.356159079942705370e-06 -8.301223648779072159e-08 1.435325669620845175e-06 -1.682061935609581071e-06 -1.039544267476852150e-06 1.800701211590726306e-06 -1.632850260932819230e-07 -3.815416069833075945e-07 -3.451804623145124981e-07 -7.192891639786537265e-07 -2.643262160542290842e-07 -4.366593805822653452e-07 -1.422692739904809461e-06 6.798353695542240478e-07 -1.798304228075358920e-06 1.188195287596261500e-06 -9.565498158338041882e-08 -4.287390296214465116e-07 -2.457311670887496382e-04 -5.566269340274350463e-05 -1.418777519835373870e-05 1.969106493432220232e-06 1.354185895489721274e-05 1.403098068466225083e-05 3.698152758202625485e-06 -9.589280311545716302e-06 -2.656554330384592172e-06 4.736889201458138516e-08 1.147543465679736255e-04 6.875556581553216718e-07 -6.020902554650467916e-06 -6.423631509612447652e-06 4.242240083356230974e-07 1.347960645572656628e-04
7.947213699071066506e-04 6.858216403077496714e-05 6.192466447328617812e-06 1.683201659593162211e-07 -1.682061935609581071e-06 3.793987191497794558e-05 4.505423108143667440e-06 -2.771301156155534517e-09 -2.566930131401464470e-07 -1.311901844953422833e-06 -1.097576458824422277e-06 -2.414832296296494985e-06 -1.639976317871632193e-06 -7.677955181457019757e-07 -1.459136853430164300e-06 -2.739809775108136671e-07 -2.020736291802498516e-06 1.700078283511708412e-07 1.350286456692002424e-06 -3.515701030031828738e-06 9.037790953515753307e-04 -7.096499122000115938e-05 4.871992627748226282e-06 -4.601854375242092312e-06 -4.570066819922200029e-05 -2.383312099004616821e-05 -9.371288785682837133e-06 7.890920231893345670e-06 1.029083652863175291e-06 -2.463654123232773907e-06 -3.095025546079474771e-04 -4.985577087116342096e-05 4.449086315594717831e-05 -1.347056974581256692e-04 -5.125667103225771908e-05 -9.938073076327322026e-04
4.709937943022197092e-04 1.605722584803101065e-05 6.430660986981198562e-06 1.607430379034915320e-07 -1.039544267476852150e-06 4.505423108143667440e-06 3.414446715779871373e-03 3.571082268390314693e-05 -1.428876819046219328e-07 -1.587634833867535689e-05 2.925935950202777889e-05 7.581007231220242543e-06 5.039340846939890963e-06 5.789046198063238685e-06 5.580641316513817741e-05 -6.205862721703764707e-05 1.507084125117259441e-05 -1.433287183024860513e-05 -3.073625147875384865e-05 3.420705837143821643e-05 3.249013202043427723e-02 -1.388022731831391361e-02 7.657113642294280592e-04 -8.438326142106217969e-04 -9.192385864149332244e-05 3.901554234847428860e-05 1.541025715132344522e-05 1.048112223245433475e-04 -1.581861475515844926e-06 -1.126906681474318070e-06 1.246318455630378297e-02 -2.317386491264953816e-02 -2.454518833163924722e-03 -3.592557990487186322e-03 -7.992288267712109595e-03 6.978052870477356208e-03
-1.224452285294365611e-03 1.905854605116490971e-05 1.617851645020402688e-05 -6.213841941003291895e-07 1.800701211590726306e-06 -2.771301156154820660e-09 3.571082268390312660e-05 5.727963076400705185e-03 -4.020893497704222485e-07 -9.307839593491043300e-05 9.660197971521775821e-05 2.423365391318313589e-06 4.113524038752700411e-06 -3.062798608138033504e-06 2.281044754172231097e-04 -1.946198394743215874e-04 1.632929107616163327e-05 2.311588939225165740e-06 2.343985700650889054e-05 8.158274191836743580e-07 2.261093548475900383e-01 -9.725204266454064855e-03 2.803639633684922917e-04 -2.514119483488884768e-03 -2.946640350391165563e-04 -2.544614583186073721e-05 4.951991897210827431e-05 -6.215239699980441997e-05 1.178905059974551390e-05 4.038734041129296299e-06 2.851246760429947402e-01 -2.391654610330186392e-02 6.793918341868553784e-03 -1.240470577193550708e-02 1.863381137236872973e-02 -3.668500584671798015e-02
7.855105181042444087e-05 1.140512736909531910e-05 5.282794496539315402e-07 1.834216641146250297e-08 -1.632850260932819230e-07 -2.566930131401463940e-07 -1.428876819046219328e-07 -4.020893497704218780e-07 6.201633553823124705e-06 1.316435694245544685e-07 -2.304371409060908825e-07 -1.037492084935842814e-07 -1.545273957238924833e-07 5.345319439931416606e-08 -1.689900640560291122e-07 3.975917140535953207e-08 -1.605342249498716065e-07 -1.807931745351986236e-09 -5.598346274075663736e-07 3.241791749235586185e-07 5.624356297437550995e-04 3.210518765644162532e-04 1.365945566977940103e-04 -2.308313274338116990e-06 1.460763002233086078e-05 3.819762109586323750e-06 4.542569284721924799e-06 4.901088130454129410e-06 3.698075368955546990e-06 1.805774388254782202e-06 7.327857344145720288e-04 8.034413538438229564e-05 8.006227619462540153e-06 7.629716984642473401e-06 6.724187656026052234e-05 -3.518862466051961551e-05
1.805795944217386583e-04 2.001579179831571625e-05 1.364880572333209725e-06 4.309221641966281356e-08 -3.815416069833075945e-07 -1.311901844953422622e-06 -1.587634833867535689e-05 -9.307839593491043300e-05 1.316435694245544685e-07 4.654318279442312369e-05 -2.254409994814615394e-05 2.342382621226913868e-05 1.105802190488675846e-05 1.206514407180637049e-05 -7.778377621946348536e-05 7.192482976333198954e-05 2.849303694028891483e-05 -3.145494954988339799e-05 2.174950089251477341e-06 -3.922100625983794191e-06 6.272712286195403046e-03 5.735310032846995063e-04 6.337826672383079516e-05 7.660787823423553203e-05 -1.424879925433799738e-05 8.573312909821132231e-06 8.916615543619817682e-06 2.581184377421688925e-05 8.017827919616086739e-06 1.496669120114742688e-06 -2.560535426024747232e-03 8.178489921184165347e-04 2.554190702425638358e-05 -1.604845882525741106e-04 -4.111172052330591318e-04 3.783030685415477898e-04
1.609996409814138285e-04 2.263550451862895080e-05 8.644732415730377622e-07 3.014069066637720984e-08 -3.451804623145124981e-07 -1.097576458824422489e-06 2.925935950202777889e-05 9.660197971521775821e-05 -2.304371409060908825e-07 -2.254409994814615394e-05 4.797185594356669438e-05 2.572632531311500536e-05 1.251726083470954977e-05 1.241857460870980958e-05 7.834039448084542179e-05 -7.331369007864194228e-05 3.358594249028409775e-05 -3.470286407011039859e-05 9.427832643212005685e-07 2.033333787044164228e-06 -3.739106097378411611e-03 2.086255374299292970e-04 1.667059659903353131e-04 -7.136615234490072666e-05 6.569037695914230277e-05 4.016344879509191828e-05 1.071915035001470058e-05 -2.066414186068547654e-06 7.445774279359541252e-06 5.873043283558282722e-06 4.292954487845944064e-03 -2.709737264403659055e-04 -2.023092015373683340e-05 7.893258820787344993e-04 3.818316161751491092e-04 -5.997143781998867705e-04
3.397748801059003658e-04 4.258455243545545811e-05 2.312414578122563367e-06 7.438001228782201932e-08 -7.192891639786537265e-07 -2.414832296296494562e-06 7.581007231220240849e-06 2.423365391318313589e-06 -1.037492084935842814e-07 2.342382621226913868e-05 2.572632531311500536e-05 4.915390034845563641e-05 2.379754438158602266e-05 2.462064161822417256e-05 1.597329814331548902e-06 -2.258777168631269996e-06 6.218211462583311247e-05 -6.635539797199857428e-05 2.828939828297205422e-06 -2.083060795766261783e-06 1.972308143316472279e-03 9.721309107155993740e-04 3.487333486987905418e-04 1.256027210990130932e-05 5.329097254802828257e-05 4.900219345054652559e-05 1.955002302060476128e-05 2.406688142107574102e-05 1.547819296870683989e-05 7.383920847056861814e-06 1.522538750220789718e-03 5.915469827953737060e-04 2.841909425877426484e-05 5.034474416669752024e-04 -6.193176017965551137e-05 -1.485309277040535402e-04
1.214027314309021609e-04 1.988003116325201845e-05 7.672120485228545026e-07 3.012730518070247888e-08 -2.643262160542290842e-07 -1.639976317871632616e-06 5.039340846939890963e-06 4.113524038752700411e-06 -1.545273957238924833e-07 1.105802190488675846e-05 1.251726083470954977e-05 2.379754438158602266e-05 5.929366811724132369e-05 -3.454751784061365114e-05 -8.195165606576754340e-07 1.092520776083112038e-06 2.803966755514030631e-05 -2.977396031672830637e-05 -8.804861217163064259e-05 8.534737840512402927e-05 1.619399463914300357e-04 5.854319239197747519e-04 4.303856851879298115e-04 1.531433802237929556e-05 2.337040934867515337e-05 2.736701825211514864e-05 8.206152964906292580e-06 -1.647420114318688954e-05 6.986233659101777298e-06 2.845272826779329175e-06 1.501784250700450782e-03 1.246319783161493303e-04 2.386809732499280419e-05 -2.264088359842731713e-04 1.435423792057214116e-05 -2.405637783733516474e-04
2.139835112292199552e-04 2.215445037404396525e-05 1.699197552497797011e-06 4.631392607568299262e-08 -4.366593805822653452e-07 -7.677955181457018699e-07 5.789046198063238685e-06 -3.062798608138033504e-06 5.345319439931416606e-08 1.206514407180637049e-05 1.241857460870980958e-05 2.462064161822417256e-05 -3.454751784061365114e-05 5.976604329493967862e-05 1.234846775294066093e-06 -1.791956158243310161e-06 3.409113214617406521e-05 -3.649264319689744476e-05 8.919734337688511937e-05 -8.798283746654913737e-05 1.392113151416120471e-03 8.150797714397465220e-04 3.784571157231517765e-04 7.937082181037210418e-06 2.509587220716470748e-05 2.118107107715420188e-05 1.035412936133402214e-05 3.979742762171939148e-05 8.263306128564189520e-06 4.207748225083429663e-06 1.028311590971547375e-03 1.798510942771844171e-04 6.964653796431993175e-05 -1.003882052756336105e-04 1.556025832573516217e-05 -1.543732620900530505e-04
4.564557388657073658e-04 -3.343190346746027179e-06 -2.390009266850812762e-06 -1.203296486371673392e-07 -1.422692739904809461e-06 -1.459136853430164300e-06 5.580641316513817741e-05 2.281044754172230826e-04 -1.689900640560291387e-07 -7.778377621946348536e-05 7.834039448084542179e-05 1.597329814331548902e-06 -8.195165606576754340e-07 1.234846775294066093e-06 1.038302390786560942e-03 -9.237657183663865613e-04 3.995940038125310807e-06 1.607224182285440248e-05 1.250689460490321576e-06 2.064705647605909680e-05 -1.851288043802815086e-02 -9.153282593144930306e-04 -9.102602117271035983e-05 -1.628945111962719881e-04 -7.713530857173447474e-05 3.855458983845306089e-05 -2.452429984020660259e-05 8.441759628763625327e-05 1.234784666709305054e-05 2.156798830919856385e-05 9.982621956444693093e-03 -1.323826004552551647e-03 -3.039775086360590119e-05 9.011403153933846217e-04 8.641020958655007064e-04 4.501567325262980198e-05
-3.348701444454355090e-04 -3.253334570808156342e-07 5.492462156975796012e-07 -7.177649460652821110e-08 6.798353695542240478e-07 -2.739809775108139318e-07 -6.205862721703764707e-05 -1.946198394743216416e-04 3.975917140535962471e-08 7.192482976333198954e-05 -7.331369007864194228e-05 -2.258777168631269996e-06 1.092520776083111615e-06 -1.791956158243310161e-06 -9.237657183663865613e-04 8.586793054237182136e-04 3.887350647512717145e-06 -1.249440970416226336e-05 -1.344721844084571851e-06 -1.190356123076946677e-05 9.965328655543797057e-03 6.070113222099589832e-04 1.132816468283276499e-04 1.881114033731838965e-04 3.394550437996395016e-05 -1.457733173453834734e-05 2.513870220174871552e-05 -5.010733344173717293e-05 -4.524845511803063352e-06 -2.530570311138242922e-05 -6.226144390574037818e-03 1.415399729487592422e-03 1.283531363110570285e-04 -1.455079788941794237e-03 -9.902092355179479503e-04 -4.836352454217082383e-04
7.007114595765259442e-04 5.537191188416253583e-05 2.865184033895540515e-06 2.599823453136268452e-08 -1.798304228075358920e-06 -2.020736291802498516e-06 1.507084125117259441e-05 1.632929107616163327e-05 -1.605342249498716065e-07 2.849303694028891483e-05 3.358594249028409775e-05 6.218211462583311247e-05 2.803966755514030631e-05 3.409113214617406521e-05 3.995940038125309113e-06 3.887350647512716298e-06 6.313812990260927105e-04 -6.559280412463997000e-04 1.163239074591502978e-05 -2.995408992886078787e-06 -1.094937636502360838e-03 1.060671065130210913e-03 5.193859782738317627e-04 4.307278299048037171e-05 8.710348735656231543e-05 1.895123066726733102e-04 2.093729108214423436e-05 9.430048425197853825e-05 3.237356382558342010e-05 9.834650093127483709e-06 4.967551114115604724e-03 6.740668690906247368e-04 1.537262005384180095e-04 -2.834924919758029672e-04 -2.531909751816214691e-04 -1.966207597718153924e-04
-6.127870420108040691e-04 -6.302476250740644337e-05 -3.872307970985831232e-06 -1.968987589239563146e-07 1.188195287596261500e-06 1.700078283511714764e-07 -1.433287183024860513e-05 2.311588939225165740e-06 -1.807931745351986236e-09 -3.145494954988339799e-05 -3.470286407011039859e-05 -6.635539797199857428e-05 -2.977396031672830637e-05 -3.649264319689744476e-05 1.607224182285440248e-05 -1.249440970416226336e-05 -6.559280412463997000e-04 7.072410560418283506e-04 -1.144679463925181524e-05 1.141975583098081798e-05 -3.610624744264146618e-03 -1.495114906789678797e-03 -5.926483374151658842e-04 -3.581353807943408828e-05 -9.336613742210819831e-05 -1.959654273713088996e-04 -1.665941960483545027e-05 -7.435607567306082592e-05 -1.898126909137238413e-05 -9.567076428180480588e-06 -2.495838273618262819e-03 -6.429000222153382531e-04 -1.318322625537284812e-04 5.535675716489346815e-07 2.036015233930883685e-04 -4.232661153167260534e-04
5.777044930317898976e-05 4.045525694685251229e-06 1.645801341916532928e-06 -1.386730093222273572e-08 -9.565498158338036588e-08 1.350286456692002848e-06 -3.073625147875384865e-05 2.343985700650889054e-05 -5.598346274075664795e-07 2.174950089251477341e-06 9.427832643212005685e-07 2.828939828297204998e-06 -8.804861217163064259e-05 8.919734337688511937e-05 1.250689460490322211e-06 -1.344721844084571216e-06 1.163239074591502978e-05 -1.144679463925181524e-05 1.741477637300400992e-03 -1.681893206465667539e-03 2.867126721898304812e-03 2.892378915042644020e-05 -1.393616420711714138e-04 -4.337920305120003935e-05 7.323588691196623174e-05 3.852714547062116395e-05 -7.400225009637184220e-06 1.639105964655743002e-04 4.863067178580407539e-06 2.654979669469273020e-05 4.805451782875586270e-04 2.579156032198785071e-04 2.132491261698739099e-04 3.429883499281065817e-04 2.285224856282761635e-04 5.313497702634504324e-04
1.999139923253156686e-06 -7.575375020858293346e-06 -2.045313287784891382e-06 -1.501782972300946756e-07 -4.287390296214465646e-07 -3.515701030031828315e-06 3.420705837143821643e-05 8.158274191836825107e-07 3.241791749235587244e-07 -3.922100625983794191e-06 2.033333787044164228e-06 -2.083060795766261783e-06 8.534737840512402927e-05 -8.798283746654913737e-05 2.064705647605909680e-05 -1.190356123076946677e-05 -2.995408992886077940e-06 1.141975583098081798e-05 -1.681893206465667539e-03 1.693514889313063425e-03 -6.131491476797088121e-03 -8.022163865322706191e-04 -3.351523829056907351e-04 4.131560717912015368e-05 -3.879265999397436620e-05 -9.914875162798589479e-06 2.384789087177903018e-05 -1.494774576519176566e-04 -1.860843748177802879e-07 3.604970089488823671e-05 9.655379989461808019e-04 1.018395048482383265e-04 -2.276804200730230129e-04 2.121420724265526189e-04 -4.407383980820848545e-04 -1.001520338087603587e-03
1.385039429214569850e-01 4.453659527584853629e-04 7.025847454435446733e-03 5.458683856188893582e-05 -2.457311670887496924e-04 9.037790953515751138e-04 3.249013202043428417e-02 2.261093548475900106e-01 5.624356297437552079e-04 6.272712286195403913e-03 -3.739106097378411611e-03 1.972308143316472279e-03 1.619399463914302255e-04 1.392113151416120255e-03 -1.851288043802815086e-02 9.965328655543798791e-03 -1.094937636502360404e-03 -3.610624744264146618e-03 2.867126721898304378e-03 -6.131491476797088121e-03 9.926504394509072426e+01 4.429014019929303103e+00 6.484993379826115012e-01 -5.862026143779319742e-01 -2.245687731623070282e-01 -3.158683728658243095e-02 9.286736874195380444e-04 -5.520316828803709629e-03 2.388011322466378032e-03 2.006610765336275509e-03 -9.297565217652211667e-01 -3.452335900023452808e+00 -1.728371137430265714e-01 1.545423270618495604e+00 4.030593775039308824e+00 2.016872243660903674e+00
2.539210152333094481e-02 9.736746941248827910e-04 7.042078023875906036e-04 5.428606900425636638e-06 -5.566269340274350463e-05 -7.096499122000111872e-05 -1.388022731831391361e-02 -9.725204266454064855e-03 3.210518765644162532e-04 5.735310032846993979e-04 2.086255374299292970e-04 9.721309107155993740e-04 5.854319239197747519e-04 8.150797714397465220e-04 -9.153282593144930306e-04 6.070113222099588748e-04 1.060671065130210913e-03 -1.495114906789679014e-03 2.892378915042644020e-05 -8.022163865322704023e-04 4.429014019929303103e+00 2.994055781778710568e+00 3.831040130510534603e-01 -8.493860650689782910e-02 -1.584443635648238521e-02 7.274421174305498519e-03 8.803162260193671956e-04 -3.105196642142193323e-03 6.212476728575643805e-04 9.319801105195292968e-05 -8.937118442799975304e-02 -2.417400289411816838e-01 -6.606306871696427004e-03 -2.138465708127106624e-01 6.254930034430388197e-01 1.699443127005619697e-03
8.340191998125436740e-03 6.009217511697540317e-04 2.777396557836801718e-04 3.743343955967626836e-06 -1.418777519835373870e-05 4.871992627748233058e-06 7.657113642294280592e-04 2.803639633684922375e-04 1.365945566977940103e-04 6.337826672383079516e-05 1.667059659903353131e-04 3.487333486987905418e-04 4.303856851879298115e-04 3.784571157231517765e-04 -9.102602117271035983e-05 1.132816468283276499e-04 5.193859782738317627e-04 -5.926483374151657758e-04 -1.393616420711714409e-04 -3.351523829056906809e-04 6.484993379826115012e-01 3.831040130510534603e-01 3.102271865899838277e-01 -7.873795042824082227e-03 -3.756275392826549501e-04 7.755909937484408963e-04 4.923471617340517909e-04 -8.733614335408982791e-06 2.404542275285987980e-04 1.540125459980053887e-05 -2.164827803764976522e-02 7.334529247796271745e-02 2.577406501296395161e-02 -1.402288771579148219e-01 -5.629365966629856083e-02 8.390223084760176780e-03
-7.988008829362214323e-04 1.831904603494755054e-05 -6.162333636308348008e-05 3.058326618258754249e-08 1.969106493432220232e-06 -4.601854375242094006e-06 -8.438326142106217969e-04 -2.514119483488884768e-03 -2.308313274338116990e-06 7.660787823423553203e-05 -7.136615234490072666e-05 1.256027210990130932e-05 1.531433802237929556e-05 7.937082181037210418e-06 -1.628945111962719610e-04 1.881114033731838965e-04 4.307278299048037848e-05 -3.581353807943408828e-05 -4.337920305120003935e-05 4.131560717912017400e-05 -5.862026143779319742e-01 -8.493860650689781522e-02 -7.873795042824082227e-03 1.250952484850001781e-02 2.014174631204368373e-03 -2.827224916172881193e-04 -3.456142495810091814e-05 -3.408426188953225778e-05 -1.853670337803306063e-05 7.473257731534298397e-06 -5.047932676199849006e-02 7.573826102699887652e-02 3.509664743476477011e-03 -1.265341681388521336e-02 -8.974596573758636397e-02 -2.381676174877409707e-02
-6.867166636257276968e-03 2.129723474941125794e-05 -4.970992402460067149e-05 -1.595256175012332536e-06 1.354185895489721274e-05 -4.570066819922200029e-05 -9.192385864149340375e-05 -2.946640350391164479e-04 1.460763002233085739e-05 -1.424879925433799060e-05 6.569037695914228922e-05 5.329097254802828257e-05 2.337040934867516014e-05 2.509587220716470409e-05 -7.713530857173444763e-05 3.394550437996394338e-05 8.710348735656230188e-05 -9.336613742210818476e-05 7.323588691196619108e-05 -3.879265999397442041e-05 -2.245687731623070005e-01 -1.584443635648238521e-02 -3.756275392826544080e-04 2.014174631204367939e-03 1.033156455820485320e-01 4.276940732912065148e-03 2.211242792878064835e-05 -2.351839898081717166e-03 2.744147292375710505e-05 7.376401099570541143e-05 -2.810431144633688226e-03 1.437881503979731961e-02 -8.623201920073045573e-04 4.437739631501004707e-03 -1.543929659248259242e-02 -2.585502921990566732e-03
-7.593307101439541323e-03 4.080183817588768256e-05 -3.862888139900312340e-05 -2.338396128982871897e-06 1.403098068466224913e-05 -2.383312099004616821e-05 3.901554234847428860e-05 -2.544614583186068638e-05 3.819762109586324597e-06 8.573312909821130537e-06 4.016344879509192506e-05 4.900219345054652559e-05 2.736701825211514187e-05 2.118107107715419849e-05 3.855458983845306089e-05 -1.457733173453835581e-05 1.895123066726733102e-04 -1.959654273713088996e-04 3.852714547062115039e-05 -9.914875162798567456e-06 -3.158683728658243789e-02 7.274421174305496784e-03 7.755909937484410047e-04 -2.827224916172881193e-04 4.276940732912066015e-03 2.254075175458162411e-02 1.005719561271612491e-03 2.031403217807392712e-04 -6.106969821453822297e-05 9.427481607232023324e-06 1.739078128603908230e-02 -1.149083737124885615e-03 2.133842798881783911e-04 -2.872590421033395600e-03 1.996515307732926302e-03 7.119380981187917179e-03
-2.016293109417535961e-03 1.697940300775961831e-05 -7.333756405157063760e-06 -6.878314625999720664e-07 3.698152758202625485e-06 -9.371288785682837133e-06 1.541025715132344860e-05 4.951991897210826076e-05 4.542569284721924799e-06 8.916615543619817682e-06 1.071915035001470058e-05 1.955002302060476128e-05 8.206152964906292580e-06 1.035412936133402214e-05 -2.452429984020659581e-05 2.513870220174871552e-05 2.093729108214423436e-05 -1.665941960483545366e-05 -7.400225009637184220e-06 2.384789087177903696e-05 9.286736874195369602e-04 8.803162260193674125e-04 4.923471617340517909e-04 -3.456142495810093847e-05 2.211242792878062124e-05 1.005719561271612491e-03 1.326281655037154844e-03 -8.208259986038593688e-05 4.149331837697270321e-06 4.977722220391997881e-05 6.109073345451204555e-03 2.412487477778223611e-04 1.643808061518447908e-04 -4.608253987255630309e-04 7.474983015005633440e-05 9.964801608236793524e-04
3.567125275999342721e-03 2.122055414904930681e-05 3.577038550936010295e-05 1.791252530373150328e-07 -9.589280311545716302e-06 7.890920231893347364e-06 1.048112223245433204e-04 -6.215239699980439287e-05 4.901088130454126022e-06 2.581184377421688586e-05 -2.066414186068541301e-06 2.406688142107574102e-05 -1.647420114318688615e-05 3.979742762171939148e-05 8.441759628763625327e-05 -5.010733344173717293e-05 9.430048425197853825e-05 -7.435607567306081237e-05 1.639105964655743002e-04 -1.494774576519176837e-04 -5.520316828803707894e-03 -3.105196642142194190e-03 -8.733614335408774421e-06 -3.408426188953216969e-05 -2.351839898081717166e-03 2.031403217807392712e-04 -8.208259986038593688e-05 3.896961442719518859e-02 1.509562926581121500e-04 2.117533259660807438e-05 2.904689100924952652e-03 -9.051506698866449265e-04 -5.210482958869113122e-06 -1.162598197022568546e-03 3.708868361365563271e-04 -5.091397547854211759e-03
1.060170446007962586e-03 1.790696187716199708e-05 9.601785459635192547e-06 5.402524454539223348e-08 -2.656554330384592172e-06 1.029083652863175503e-06 -1.581861475515844926e-06 1.178905059974551221e-05 3.698075368955546990e-06 8.017827919616086739e-06 7.445774279359541252e-06 1.547819296870683989e-05 6.986233659101777298e-06 8.263306128564189520e-06 1.234784666709305054e-05 -4.524845511803063352e-06 3.237356382558342010e-05 -1.898126909137238413e-05 4.863067178580407539e-06 -1.860843748177802879e-07 2.388011322466378032e-03 6.212476728575642721e-04 2.404542275285987980e-04 -1.853670337803306063e-05 2.744147292375708811e-05 -6.106969821453822297e-05 4.149331837697270321e-06 1.509562926581121500e-04 1.309142182193424853e-04 7.888489638195238390e-06 1.740520086703326984e-03 2.297726637913186456e-04 6.289585948726963136e-05 4.313473931561976227e-05 1.645250108514803328e-04 -1.237253555072973920e-03
-1.390426268937201060e-05 5.891994538655035954e-06 1.433366918885662487e-06 2.867122837323163380e-08 4.736889201458137192e-08 -2.463654123232773907e-06 -1.126906681474318070e-06 4.038734041129294605e-06 1.805774388254782202e-06 1.496669120114742900e-06 5.873043283558282722e-06 7.383920847056861814e-06 2.845272826779329175e-06 4.207748225083429663e-06 2.156798830919856385e-05 -2.530570311138242922e-05 9.834650093127483709e-06 -9.567076428180480588e-06 2.654979669469273020e-05 3.604970089488823671e-05 2.006610765336274207e-03 9.319801105195294323e-05 1.540125459980054565e-05 7.473257731534300091e-06 7.376401099570541143e-05 9.427481607232023324e-06 4.977722220391997881e-05 2.117533259660807100e-05 7.888489638195238390e-06 1.969664528040495158e-04 3.183204819741817853e-04 2.184401857246802664e-04 -6.166169646501984485e-07 2.086227852492890096e-04 -6.216992697833340173e-05 -6.527053847529406139e-04
-9.515309074281566581e-02 4.428822804843431278e-03 -4.541595024759790514e-04 -5.790891794740833388e-05 1.147543465679736255e-04 -3.095025546079474771e-04 1.246318455630378297e-02 2.851246760429947402e-01 7.327857344145720288e-04 -2.560535426024747666e-03 4.292954487845944064e-03 1.522538750220789501e-03 1.501784250700450565e-03 1.028311590971547592e-03 9.982621956444693093e-03 -6.226144390574038685e-03 4.967551114115603857e-03 -2.495838273618262819e-03 4.805451782875584102e-04 9.655379989461810187e-04 -9.297565217652211667e-01 -8.937118442799975304e-02 -2.164827803764975828e-02 -5.047932676199849006e-02 -2.810431144633682154e-03 1.739078128603907883e-02 6.109073345451203688e-03 2.904689100924955254e-03 1.740520086703326768e-03 3.183204819741816769e-04 2.964433181833075182e+01 -1.325850650534371455e+00 8.409670372477857647e-01 -3.880759334913627789e+00 6.282520619369503789e-01 -4.136044824246914331e+00
-2.493093727679494506e-04 7.679469039999645488e-04 -1.646936782423022091e-04 9.816183109771450250e-07 6.875556581553184954e-07 -4.985577087116342774e-05 -2.317386491264953816e-02 -2.391654610330186392e-02 8.034413538438229564e-05 8.178489921184165347e-04 -2.709737264403659597e-04 5.915469827953737060e-04 1.246319783161493303e-04 1.798510942771844171e-04 -1.323826004552551864e-03 1.415399729487592422e-03 6.740668690906247368e-04 -6.429000222153382531e-04 2.579156032198784529e-04 1.018395048482382994e-04 -3.452335900023452808e+00 -2.417400289411816838e-01 7.334529247796273133e-02 7.573826102699887652e-02 1.437881503979731961e-02 -1.149083737124885181e-03 2.412487477778223611e-04 -9.051506698866444928e-04 2.297726637913186456e-04 2.184401857246802935e-04 -1.325850650534371455e+00 9.413345784066320387e-01 -4.876054743854871254e-03 2.317764918778012495e-01 -6.666147313613941527e-01 -3.865589801119809765e-01
3.198823687391114026e-03 1.702065439951986898e-04 5.311005804414292220e-05 1.288007597147072788e-06 -6.020902554650466222e-06 4.449086315594717153e-05 -2.454518833163924722e-03 6.793918341868552049e-03 8.006227619462543541e-06 2.554190702425638358e-05 -2.023092015373684018e-05 2.841909425877426146e-05 2.386809732499280758e-05 6.964653796431990464e-05 -3.039775086360587409e-05 1.283531363110570827e-04 1.537262005384180637e-04 -1.318322625537284812e-04 2.132491261698739099e-04 -2.276804200730230400e-04 -1.728371137430265714e-01 -6.606306871696425269e-03 2.577406501296395161e-02 3.509664743476477011e-03 -8.623201920073048825e-04 2.133842798881782827e-04 1.643808061518447637e-04 -5.210482958869113122e-06 6.289585948726963136e-05 -6.166169646501918840e-07 8.409670372477857647e-01 -4.876054743854872121e-03 8.320779770149308585e-02 -2.654366359284400789e-01 -3.862006509189180176e-02 1.166003353068583159e-01
2.638257170657696497e-03 -8.407138114727829160e-05 -6.953073589992447357e-05 -3.189260633841078655e-07 -6.423631509612444264e-06 -1.347056974581257234e-04 -3.592557990487186756e-03 -1.240470577193550708e-02 7.629716984642480177e-06 -1.604845882525741106e-04 7.893258820787344993e-04 5.034474416669752024e-04 -2.264088359842731713e-04 -1.003882052756336512e-04 9.011403153933846217e-04 -1.455079788941794020e-03 -2.834924919758030214e-04 5.535675716491697331e-07 3.429883499281063649e-04 2.121420724265524020e-04 1.545423270618495604e+00 -2.138465708127106901e-01 -1.402288771579148219e-01 -1.265341681388521336e-02 4.437739631501004707e-03 -2.872590421033395600e-03 -4.608253987255628140e-04 -1.162598197022569630e-03 4.313473931561978938e-05 2.086227852492889012e-04 -3.880759334913627789e+00 2.317764918778012495e-01 -2.654366359284400789e-01 1.429935142812351678e+00 5.199405754837434224e-02 -8.033343076338178568e-02
-1.705915959091049323e-03 -1.567443363117203639e-04 2.764152250185163140e-04 -3.432583111916426762e-06 4.242240083356206622e-07 -5.125667103225771908e-05 -7.992288267712109595e-03 1.863381137236873319e-02 6.724187656026052234e-05 -4.111172052330590776e-04 3.818316161751491092e-04 -6.193176017965551137e-05 1.435423792057212931e-05 1.556025832573515200e-05 8.641020958655007064e-04 -9.902092355179481671e-04 -2.531909751816216318e-04 2.036015233930884227e-04 2.285224856282762449e-04 -4.407383980820849087e-04 4.030593775039307936e+00 6.254930034430388197e-01 -5.629365966629856083e-02 -8.974596573758636397e-02 -1.543929659248259242e-02 1.996515307732925869e-03 7.474983015005644282e-05 3.708868361365565440e-04 1.645250108514802515e-04 -6.216992697833344239e-05 6.282520619369503789e-01 -6.666147313613941527e-01 -3.862006509189180176e-02 5.199405754837434224e-02 8.721746079167750354e-01 4.716969401180285543e-02
-8.171592301321675689e-02 -3.040623408541531011e-03 -2.179111945284438901e-03 -3.828691965404508891e-05 1.347960645572656357e-04 -9.938073076327322026e-04 6.978052870477357075e-03 -3.668500584671798015e-02 -3.518862466051961551e-05 3.783030685415477898e-04 -5.997143781998868790e-04 -1.485309277040535131e-04 -2.405637783733517016e-04 -1.543732620900531048e-04 4.501567325262961902e-05 -4.836352454217081299e-04 -1.966207597718155008e-04 -4.232661153167259450e-04 5.313497702634508661e-04 -1.001520338087603153e-03 2.016872243660904118e+00 1.699443127005623166e-03 8.390223084760181985e-03 -2.381676174877409707e-02 -2.585502921990568900e-03 7.119380981187915444e-03 9.964801608236793524e-04 -5.091397547854210025e-03 -1.237253555072973920e-03 -6.527053847529403971e-04 -4.136044824246914331e+00 -3.865589801119809765e-01 1.166003353068583159e-01 -8.033343076338175792e-02 4.716969401180285543e-02 4.314826303973127608e+00
