# cosmomc_theta logA ns ombh2 omch2 tau A_planck PLK_cal_100A PLK_cal_100B PLK_cal_143B PLK_cal_217A PLK_cal_217B PLK_AdustT PLK_AdustP PLK_radio_ps PLK_cib_ps beta_cib xi Atsz Acib Aksz
6.896588252203171327e-12 2.991381848774368796e-09 3.415760721905632745e-09 1.203150746912964651e-10 -1.139967329432887082e-09 1.767435438446915050e-09 2.509168923750242901e-10 -3.362472933177626312e-10 -7.363119530222585493e-10 -1.081573182356978280e-09 -5.180775760422114717e-10 -4.620601469739288368e-10 -1.417857310580570479e-09 9.587041519574057573e-10 3.650105693384884975e-08 -1.349531938016652367e-08 -1.720724610923009166e-09 1.396607185214563176e-08 1.580020604072681518e-08 1.901020762853958351e-08 -1.320270106832554689e-08
2.991381848774368796e-09 2.137205524220895519e-04 5.943373082268585788e-06 2.842751605616266987e-07 -1.188313821401071763e-06 7.114605499026842826e-05 1.117968242426728851e-05 -2.692041019548735865e-05 -2.250494863226949846e-05 -4.923385571039865877e-05 -2.427840466468589881e-05 -2.435755384165796090e-05 3.039493190615976783e-05 3.716672797936646140e-05 3.758965544157764384e-03 4.273774767740436912e-04 2.184621390040490310e-05 2.661039539471190618e-04 1.593940289782172991e-04 -2.503659774791391267e-05 -2.726542650854517618e-03
3.415760721905632745e-09 5.943373082268585788e-06 1.377291880357447766e-05 1.873715286115033399e-07 -3.177707045576737658e-06 5.637687597925494501e-06 4.363047615721937530e-07 -2.293238582450518512e-06 -4.239657050462449695e-07 -2.830033366758234802e-06 -5.191899483170544929e-07 -2.473310832927381656e-06 2.116668409446779876e-06 1.212233771046605083e-05 -3.486754467735788581e-04 -8.367053518537154049e-07 -4.562606405311676354e-06 1.351043104198802161e-04 -2.835143395933722586e-04 -3.065435180659220376e-06 -1.518451833125168769e-03
1.203150746912964651e-10 2.842751605616266987e-07 1.873715286115033399e-07 1.644052991502082781e-08 -8.569476642387365576e-08 1.502560672329142318e-07 1.832869933498702674e-08 -8.432317787527495827e-08 -2.190774405875100480e-10 -8.312968236959017577e-08 -1.936731479204385765e-08 -5.157493221395341709e-08 -1.657757528042717747e-07 2.288458581772883081e-07 -1.230026307259304639e-05 -2.519085041888019175e-06 7.283965646868002416e-08 3.600750721462856675e-06 -7.304076892068612961e-07 7.827155873642538563e-07 -3.227530887890504982e-05
-1.139967329432887082e-09 -1.188313821401071763e-06 -3.177707045576737658e-06 -8.569476642387365576e-08 1.403062869949134560e-06 -1.660294538557515283e-06 -1.669574356401233326e-07 7.024234892174776313e-07 2.428189333071060297e-07 9.395657815646209762e-07 3.882248617136807082e-07 5.188096391415135155e-07 6.728292433097724729e-07 -2.283416640044633378e-06 3.812056455989488735e-05 2.157412955514292707e-05 7.246902728975963873e-08 -1.365475886898327606e-05 -3.751837777615486691e-06 -1.256456763854704572e-05 4.401673953532414665e-05
1.767435438446915050e-09 7.114605499026842826e-05 5.637687597925494501e-06 1.502560672329142318e-07 -1.660294538557515283e-06 3.916223495224191578e-05 -2.252680591288354631e-07 3.980836143433644547e-07 2.231646715496870477e-06 2.627262407273158734e-06 5.880957022671156566e-07 2.021942208619526966e-06 -1.548785773096112676e-06 -4.532655602948692378e-07 -6.001665214436315053e-04 -4.704672975479272357e-05 1.336270753959600151e-06 4.447578855979071794e-05 -7.645128520284540715e-05 -1.403654325102828462e-05 -8.611127499239674661e-04
2.509168923750242901e-10 1.117968242426728851e-05 4.363047615721937530e-07 1.832869933498702674e-08 -1.669574356401233326e-07 -2.252680591288354631e-07 6.187250271770685377e-06 -2.756494109936897874e-08 4.295946447034353810e-07 3.983155142365528122e-07 2.394588481713472527e-07 2.044778730497362416e-07 5.815558202991514381e-06 6.488698096057337457e-06 7.301615202266405246e-04 5.540389055389527385e-05 1.526744300945233188e-06 2.038048653458298526e-05 3.868286570143951631e-05 6.221687042618264891e-06 1.196112043671246709e-05
-3.362472933177626312e-10 -2.692041019548735865e-05 -2.293238582450518512e-06 -8.432317787527495827e-08 7.024234892174776313e-07 3.980836143433644547e-07 -2.756494109936897874e-08 7.313921554846555665e-05 -4.324206725802906526e-05 2.911411796258642483e-05 1.439236633411758395e-05 1.491933163612182242e-05 -6.912965593787748843e-06 -1.726114476469136689e-05 -6.430255792789759360e-03 5.623800924641899159e-05 4.076778166958977958e-06 -3.593239663330710589e-04 1.577100027344238535e-03 -1.724970464662294359e-04 3.322388087620794421e-04
-7.363119530222585493e-10 -2.250494863226949846e-05 -4.239657050462449695e-07 -2.190774405875100480e-10 2.428189333071060297e-07 2.231646715496870477e-06 4.295946447034353810e-07 -4.324206725802906526e-05 7.129260425004607085e-05 2.843922619723532653e-05 1.247534777780386963e-05 1.484005546801334780e-05 -1.031379177323721407e-05 -1.614879753832522893e-05 3.476244624534286561e-03 -4.291686450570428909e-04 -2.033949854442572940e-05 2.356711778481638360e-04 -2.212824112837217388e-03 1.527892528818107509e-04 1.488651843800129718e-04
-1.081573182356978280e-09 -4.923385571039865877e-05 -2.830033366758234802e-06 -8.312968236959017577e-08 9.395657815646209762e-07 2.627262407273158734e-06 3.983155142365528122e-07 2.911411796258642483e-05 2.843922619723532653e-05 5.739787453500034501e-05 2.709716688182038950e-05 2.967509744516820953e-05 -2.170681652310070816e-05 -3.359364102658209128e-05 -2.694861221584216471e-03 -3.564113610010882349e-04 -1.442115333886413118e-05 -1.328702502907876007e-04 -5.288738474336536488e-04 -1.001869391158465087e-05 4.262177844277738781e-04
-5.180775760422114717e-10 -2.427840466468589881e-05 -5.191899483170544929e-07 -1.936731479204385765e-08 3.882248617136807082e-07 5.880957022671157624e-07 2.394588481713472527e-07 1.439236633411758395e-05 1.247534777780386963e-05 2.709716688182038950e-05 9.500736587904374403e-05 -6.771082214913380702e-05 -3.016569286007857227e-05 -1.192787167408067324e-05 -2.007702296903599460e-03 -2.009191008882275532e-05 -7.082819795230096177e-07 1.206581844432224622e-06 2.194920048335704523e-04 -5.497913951301510497e-06 -9.494760875519348193e-05
-4.620601469739288368e-10 -2.435755384165796090e-05 -2.473310832927381656e-06 -5.157493221395341709e-08 5.188096391415135155e-07 2.021942208619526966e-06 2.044778730497362416e-07 1.491933163612182242e-05 1.484005546801334780e-05 2.967509744516820953e-05 -6.771082214913380702e-05 9.863181634970273300e-05 -1.143568465249324281e-05 -2.201603868525969123e-05 -2.473737529190354022e-03 -6.440797639732812410e-05 -1.745986036968552666e-05 -1.952330992537322193e-04 4.337142128306737949e-04 -4.691023857423088993e-05 5.847153352600013756e-04
-1.417857310580570479e-09 3.039493190615976783e-05 2.116668409446779876e-06 -1.657757528042717747e-07 6.728292433097724729e-07 -1.548785773096112464e-06 5.815558202991514381e-06 -6.912965593787748843e-06 -1.031379177323721407e-05 -2.170681652310070816e-05 -3.016569286007857227e-05 -1.143568465249324281e-05 5.156155774604126874e-04 2.192187842409063400e-05 3.553900336888461166e-03 1.634882708006712981e-03 5.253515267029641939e-05 5.394443105607829624e-04 -4.624148916206445581e-03 -3.417872910479818893e-03 -5.654364776081726059e-03
9.587041519574057573e-10 3.716672797936646140e-05 1.212233771046605083e-05 2.288458581772883081e-07 -2.283416640044633378e-06 -4.532655602948692378e-07 6.488698096057337457e-06 -1.726114476469136689e-05 -1.614879753832522893e-05 -3.359364102658209128e-05 -1.192787167408067324e-05 -2.201603868525969123e-05 2.192187842409063400e-05 3.772502970829698593e-04 1.922306254899933771e-03 5.043525909480468702e-05 7.040577656502973489e-06 1.880378169434665449e-04 -2.526995629037175083e-04 9.425124303997469072e-05 -9.716409228752078547e-04
3.650105693384884975e-08 3.758965544157764384e-03 -3.486754467735788581e-04 -1.230026307259304639e-05 3.812056455989488735e-05 -6.001665214436315053e-04 7.301615202266405246e-04 -6.430255792789759360e-03 3.476244624534286561e-03 -2.694861221584216471e-03 -2.007702296903599460e-03 -2.473737529190354022e-03 3.553900336888462033e-03 1.922306254899933771e-03 2.013450006290836924e+01 -8.839872847373413389e-01 3.323026866032736254e-02 6.977499679896388418e-01 -5.277133168377192263e+00 2.968136923529830495e-01 -1.167063998608167452e+00
-1.349531938016652698e-08 4.273774767740436912e-04 -8.367053518537154049e-07 -2.519085041888019175e-06 2.157412955514292707e-05 -4.704672975479271679e-05 5.540389055389527385e-05 5.623800924641899159e-05 -4.291686450570428909e-04 -3.564113610010882349e-04 -2.009191008882275532e-05 -6.440797639732813765e-05 1.634882708006712981e-03 5.043525909480468702e-05 -8.839872847373413389e-01 3.244824276834981647e-01 -2.282550251284542683e-02 -2.284541057466296307e-02 4.332663694060101545e-01 -7.172942625708080000e-02 -2.666450134666570326e-01
-1.720724610923009166e-09 2.184621390040490310e-05 -4.562606405311676354e-06 7.283965646868002416e-08 7.246902728975963873e-08 1.336270753959599304e-06 1.526744300945233188e-06 4.076778166958977958e-06 -2.033949854442572940e-05 -1.442115333886413118e-05 -7.082819795230096177e-07 -1.745986036968552328e-05 5.253515267029641939e-05 7.040577656502973489e-06 3.323026866032736254e-02 -2.282550251284542683e-02 3.445545982150621626e-03 -2.002838379063413745e-03 -9.097226702750019559e-03 -1.109505243784176870e-03 3.467630210852884823e-03
1.396607185214562845e-08 2.661039539471190076e-04 1.351043104198802161e-04 3.600750721462856675e-06 -1.365475886898327776e-05 4.447578855979071794e-05 2.038048653458298526e-05 -3.593239663330710589e-04 2.356711778481638360e-04 -1.328702502907876007e-04 1.206581844432229069e-06 -1.952330992537322193e-04 5.394443105607829624e-04 1.880378169434665720e-04 6.977499679896388418e-01 -2.284541057466296307e-02 -2.002838379063413745e-03 1.315749636782172494e-01 -3.464219419643387865e-01 -7.925009908877483911e-03 1.699376420157671652e-01
1.580020604072682511e-08 1.593940289782172720e-04 -2.835143395933722586e-04 -7.304076892068612961e-07 -3.751837777615486691e-06 -7.645128520284543425e-05 3.868286570143951631e-05 1.577100027344238535e-03 -2.212824112837217388e-03 -5.288738474336536488e-04 2.194920048335704523e-04 4.337142128306738491e-04 -4.624148916206444714e-03 -2.526995629037175083e-04 -5.277133168377192263e+00 4.332663694060101545e-01 -9.097226702750019559e-03 -3.464219419643387865e-01 2.340109991379278664e+00 -1.187214552006987667e-01 -2.175661932564505185e-01
1.901020762853958351e-08 -2.503659774791389573e-05 -3.065435180659222070e-06 7.827155873642539621e-07 -1.256456763854704572e-05 -1.403654325102828293e-05 6.221687042618264044e-06 -1.724970464662294359e-04 1.527892528818107509e-04 -1.001869391158464749e-05 -5.497913951301508803e-06 -4.691023857423086960e-05 -3.417872910479818893e-03 9.425124303997470428e-05 2.968136923529830495e-01 -7.172942625708080000e-02 -1.109505243784176870e-03 -7.925009908877483911e-03 -1.187214552006987667e-01 6.241209905930334562e-02 5.323872690413130465e-02
-1.320270106832556509e-08 -2.726542650854517618e-03 -1.518451833125168769e-03 -3.227530887890504982e-05 4.401673953532414665e-05 -8.611127499239674661e-04 1.196112043671247048e-05 3.322388087620794963e-04 1.488651843800129718e-04 4.262177844277738781e-04 -9.494760875519348193e-05 5.847153352600013756e-04 -5.654364776081726059e-03 -9.716409228752078547e-04 -1.167063998608167452e+00 -2.666450134666570326e-01 3.467630210852884389e-03 1.699376420157671652e-01 -2.175661932564505741e-01 5.323872690413130465e-02 2.492795143604517705e+00
