# cosmomc_theta logA ns ombh2 omch2 tau A_planck beta_cib xi Atsz Acib Aksz ACT_pe_98 ACT_pe_150 ACTd_radio_ps ACTd_cib_ps ACTd_AdustT ACTd_AdustP ACTw_radio_ps ACTw_cib_ps ACTw_AdustT ACTw_AdustP
5.067146986926642414e-11 -6.448548464467901301e-09 1.616955958464263467e-08 2.414231545210829729e-10 -9.902049830089852093e-09 3.399404560864382763e-09 -1.469514125777724049e-10 -3.903335959901969668e-09 9.201855537007172750e-09 2.184124149334671308e-07 1.281543756082769193e-07 5.337543135170863505e-07 -4.407331187670931585e-09 -4.597788542635023351e-09 -5.439458723395377805e-08 -6.280994794965931117e-08 -1.700088448326931908e-06 6.955565373663990838e-07 -4.246332993644767427e-08 -1.469787531125458098e-07 6.412738654100036559e-06 -1.158761366470311087e-06
-6.448548464467901301e-09 2.035968397650671430e-04 -5.968294163921652692e-05 1.425023963997094959e-07 1.083904610625051345e-05 5.693103836821176620e-05 1.907283128182574280e-06 -5.466625980444229081e-06 -2.897896644562888047e-04 -8.612814936465482086e-04 1.950566904438372868e-04 -2.175348642629421590e-03 -1.757229249254764000e-06 -5.284475231336163250e-06 1.639178355320741612e-04 -5.017930670161433653e-05 1.042922373955587362e-03 -2.576649533825580395e-03 2.283840049351471674e-04 3.917594061415663833e-04 -7.128245717378023372e-03 6.289980934766405693e-04
1.616955958464263467e-08 -5.968294163921652692e-05 1.129970775890864169e-04 -8.684585837335253747e-07 -1.561523516027450186e-05 1.773103643772217699e-05 -1.776662908397799060e-06 3.808850937443606693e-06 -9.859637972918383641e-05 1.638118193304933514e-04 4.469588331906239017e-05 -7.402902187468204638e-04 -2.233922839588713161e-06 -1.028889515896699768e-06 5.463890236076663482e-05 -1.060119863088813410e-04 9.931960436523418201e-03 1.897355993664165581e-03 1.309327270807927890e-04 -1.062090220374615458e-05 -4.667370719106145836e-03 2.588673416785532838e-03
2.414231545210829729e-10 1.425023963997094959e-07 -8.684585837335253747e-07 8.918733499259963270e-08 -2.720553647363655848e-07 7.150298939425842194e-08 1.338080970314558893e-08 -1.010077320415817681e-07 -6.212658359404140670e-06 -1.051036774016408433e-05 1.068118156490881717e-05 -4.254077260182159253e-05 1.896462255667229297e-07 2.246559615898365686e-07 3.491184792730049251e-06 -2.782775947918619887e-06 -1.535005173157056983e-04 -1.409721725802201391e-04 2.598185503460011305e-06 2.817179792974065408e-07 -7.160405162806770998e-04 -8.964963610226280423e-05
-9.902049830089852093e-09 1.083904610625051345e-05 -1.561523516027450186e-05 -2.720553647363655848e-07 1.296051218921992692e-05 -5.369936543682550300e-06 1.524964503006514948e-07 1.382023520480720255e-06 -6.541385541548721202e-06 -1.144084814281457548e-04 -1.188748360947105561e-04 -6.952874119516992604e-04 4.816691109921281969e-06 4.496030688054708337e-06 4.252202920730071217e-05 1.032227248040977849e-04 5.888223149728070809e-04 -8.805155970400418714e-05 4.979831891776927496e-05 1.153651964170702347e-04 -2.787912966966974403e-03 8.192612786794721330e-04
3.399404560864382763e-09 5.693103836821176620e-05 1.773103643772217699e-05 7.150298939425842194e-08 -5.369936543682550300e-06 3.806563888264460525e-05 -8.247838260592255559e-09 -2.097710245597331919e-06 -6.088150027236218019e-05 -9.082874634006015620e-06 3.755044201165772840e-05 -3.819341689792771916e-04 -2.374831231872837021e-07 -5.531315085398180229e-08 6.884507463317430228e-06 -2.097230922014234550e-05 1.231473430473135726e-03 -4.409392997187561083e-04 1.070429137104325743e-05 -5.422057527189625183e-06 7.093958846117656280e-05 1.400246780697565795e-04
-1.469514125777724049e-10 1.907283128182574280e-06 -1.776662908397799060e-06 1.338080970314558893e-08 1.524964503006514948e-07 -8.247838260592255559e-09 6.193242535337950985e-06 1.115909083373517363e-07 -4.173131011070496707e-06 -1.366732245560011207e-05 -2.467113145904235829e-06 -6.168246226422535029e-06 -1.083560370434098127e-07 -2.020196094232464980e-07 -2.105648936940302144e-06 -4.489077940670870270e-07 -4.972300094805335267e-04 -7.535222996092339152e-07 -8.218830720374123052e-07 3.769358260077975801e-06 4.478313242603540977e-05 6.349052921371145823e-05
-3.903335959901969668e-09 -5.466625980444229081e-06 3.808850937443606693e-06 -1.010077320415817681e-07 1.382023520480720255e-06 -2.097710245597331919e-06 1.115909083373517363e-07 3.515994560808471427e-03 -1.479106854551189790e-03 -2.682428360139144357e-03 -5.514647469034945557e-03 -2.831974186972057751e-03 -2.924992739516848041e-06 -2.665141386346490367e-06 8.826626541079719834e-04 -4.553940350593808570e-03 1.043549189572164082e-02 3.938240322548065483e-03 1.179231219646541609e-03 -5.853333040126309887e-03 2.293835732853877554e-02 3.651597126304350683e-04
9.201855537007174404e-09 -2.897896644562888589e-04 -9.859637972918383641e-05 -6.212658359404140670e-06 -6.541385541548722896e-06 -6.088150027236218019e-05 -4.173131011070495013e-06 -1.479106854551189790e-03 7.708744360463129497e-02 -9.201399352765078643e-02 -7.908693383242380859e-02 3.770542103540013290e-01 4.400408615528257535e-05 4.413394679864661050e-05 9.805856782343110381e-03 5.828692260570523392e-02 -3.479043727256042606e-01 3.857682550431151131e-02 6.233580429848215899e-03 6.284625467481208538e-02 -4.814098884158957148e-01 1.090947957867002827e-02
2.184124149334671308e-07 -8.612814936465482086e-04 1.638118193304933514e-04 -1.051036774016408433e-05 -1.144084814281457548e-04 -9.082874634006015620e-06 -1.366732245560010868e-05 -2.682428360139143923e-03 -9.201399352765078643e-02 1.429511654066019988e+00 2.297075606972470534e-03 -1.567269272841575578e+00 -5.732233913329640267e-06 -1.326588690731808683e-04 -1.655198401412768250e-01 1.020468579022930505e-01 2.974723518951194023e+00 -1.165886611897527791e-01 -1.911596995033161550e-01 9.479942597680363070e-02 3.278793923086904982e+00 -1.208067252154359089e-01
1.281543756082769193e-07 1.950566904438372868e-04 4.469588331906238339e-05 1.068118156490881717e-05 -1.188748360947105561e-04 3.755044201165772840e-05 -2.467113145904236676e-06 -5.514647469034945557e-03 -7.908693383242380859e-02 2.297075606972470534e-03 5.473558978834403010e-01 -1.645078810162640404e-01 -6.193356220388478313e-05 -3.472352778385525579e-04 3.217306759089762214e-02 -1.720025868697539206e-01 -7.478831111451638591e+00 6.417249574600447648e-01 2.980180761073047968e-02 -1.770224548297483769e-01 -5.270671595939599108e+00 3.641586066677417466e-01
5.337543135170863505e-07 -2.175348642629421590e-03 -7.402902187468204638e-04 -4.254077260182159931e-05 -6.952874119516993688e-04 -3.819341689792770831e-04 -6.168246226422535029e-06 -2.831974186972057751e-03 3.770542103540013290e-01 -1.567269272841575578e+00 -1.645078810162640404e-01 3.757921475779821385e+00 -2.178331630123639829e-04 -2.851695771361629638e-04 1.320494507759924496e-01 1.055479925173658934e-01 -1.594346738440590272e+01 1.333464989679134405e+00 1.204477535637245161e-01 1.276344218094470351e-01 -1.397803222111534183e+01 6.800662192058196664e-01
-4.407331187670931585e-09 -1.757229249254764000e-06 -2.233922839588713161e-06 1.896462255667229297e-07 4.816691109921281969e-06 -2.374831231872837021e-07 -1.083560370434098127e-07 -2.924992739516848041e-06 4.400408615528257535e-05 -5.732233913329647890e-06 -6.193356220388478313e-05 -2.178331630123640371e-04 2.959100535871620898e-05 1.067964892248275754e-05 3.498165532451446425e-05 9.497200529230242876e-05 4.599198131475065081e-04 -2.977631127940404262e-04 -7.172198667024334465e-06 1.456528581521634324e-05 6.184193934829382462e-03 -1.345082721242559648e-03
-4.597788542635023351e-09 -5.284475231336163250e-06 -1.028889515896699768e-06 2.246559615898365686e-07 4.496030688054708337e-06 -5.531315085398180229e-08 -2.020196094232464980e-07 -2.665141386346490367e-06 4.413394679864661050e-05 -1.326588690731808683e-04 -3.472352778385525579e-04 -2.851695771361629096e-04 1.067964892248275754e-05 2.182231649350064291e-05 2.594346006854564705e-05 1.239026370485990199e-04 1.601216114372357169e-02 -5.634732813869768389e-03 2.687595444508730503e-05 3.221809527142106453e-05 2.012370040548444594e-02 -4.822149652696870042e-03
-5.439458723395377805e-08 1.639178355320741612e-04 5.463890236076663482e-05 3.491184792730049251e-06 4.252202920730071217e-05 6.884507463317430228e-06 -2.105648936940302144e-06 8.826626541079719834e-04 9.805856782343113850e-03 -1.655198401412768250e-01 3.217306759089762214e-02 1.320494507759924496e-01 3.498165532451446425e-05 2.594346006854564705e-05 7.561196317534085720e-02 -2.735620018977196269e-02 -1.012467079814697163e-01 -1.464192136147106280e-06 3.151417857162509134e-02 -1.352223888954171872e-02 -1.379764026534657240e-01 9.358247988368803560e-04
-6.280994794965931117e-08 -5.017930670161433653e-05 -1.060119863088813410e-04 -2.782775947918619887e-06 1.032227248040977849e-04 -2.097230922014234550e-05 -4.489077940670870270e-07 -4.553940350593808570e-03 5.828692260570523392e-02 1.020468579022930505e-01 -1.720025868697539206e-01 1.055479925173659073e-01 9.497200529230242876e-05 1.239026370485990199e-04 -2.735620018977196269e-02 1.371367621366425538e-01 6.417604310945870250e-01 -4.385287895747836534e-02 -1.993106343544114728e-02 1.175231014896042231e-01 1.168659199043184271e+00 -8.622135365547928254e-02
-1.700088448326931908e-06 1.042922373955587796e-03 9.931960436523418201e-03 -1.535005173157056983e-04 5.888223149728070809e-04 1.231473430473135726e-03 -4.972300094805335267e-04 1.043549189572164082e-02 -3.479043727256042606e-01 2.974723518951194023e+00 -7.478831111451638591e+00 -1.594346738440590272e+01 4.599198131475061829e-04 1.601216114372356822e-02 -1.012467079814697302e-01 6.417604310945870250e-01 5.135608033851710843e+02 -4.247638825179633670e+01 1.753847352611571098e-01 1.617508995547474404e+00 2.539577575035196730e+02 -1.738519791849441276e+01
6.955565373663990838e-07 -2.576649533825580395e-03 1.897355993664165581e-03 -1.409721725802201391e-04 -8.805155970400416004e-05 -4.409392997187562709e-04 -7.535222996092268213e-07 3.938240322548066351e-03 3.857682550431150437e-02 -1.165886611897527653e-01 6.417249574600447648e-01 1.333464989679134405e+00 -2.977631127940404262e-04 -5.634732813869768389e-03 -1.464192136146192331e-06 -4.385287895747835840e-02 -4.247638825179633670e+01 2.157808003972814248e+01 -2.816317836604128461e-02 -1.588380093530506743e-01 -2.359296433374825952e+01 2.854333829157300162e+00
-4.246332993644767427e-08 2.283840049351471674e-04 1.309327270807927890e-04 2.598185503460011305e-06 4.979831891776927496e-05 1.070429137104325743e-05 -8.218830720374123052e-07 1.179231219646541609e-03 6.233580429848215899e-03 -1.911596995033161550e-01 2.980180761073047968e-02 1.204477535637245161e-01 -7.172198667024334465e-06 2.687595444508730503e-05 3.151417857162509134e-02 -1.993106343544114728e-02 1.753847352611571098e-01 -2.816317836604128114e-02 1.235050318119032681e-01 -6.454447569658552930e-02 -1.322932350866022622e-02 1.408944860742248478e-02
-1.469787531125458098e-07 3.917594061415663833e-04 -1.062090220374615458e-05 2.817179792974065408e-07 1.153651964170702347e-04 -5.422057527189625183e-06 3.769358260077975801e-06 -5.853333040126309887e-03 6.284625467481208538e-02 9.479942597680363070e-02 -1.770224548297483769e-01 1.276344218094470351e-01 1.456528581521634324e-05 3.221809527142106453e-05 -1.352223888954171872e-02 1.175231014896042231e-01 1.617508995547474404e+00 -1.588380093530507298e-01 -6.454447569658552930e-02 3.580390158130454803e-01 -6.110635303855923794e+00 3.878533263442841550e-01
6.412738654100036559e-06 -7.128245717378023372e-03 -4.667370719106145836e-03 -7.160405162806770998e-04 -2.787912966966974403e-03 7.093958846117622398e-05 4.478313242603542332e-05 2.293835732853877554e-02 -4.814098884158957148e-01 3.278793923086904982e+00 -5.270671595939599108e+00 -1.397803222111534183e+01 6.184193934829383330e-03 2.012370040548444594e-02 -1.379764026534657240e-01 1.168659199043184271e+00 2.539577575035196446e+02 -2.359296433374825952e+01 -1.322932350866024183e-02 -6.110635303855923794e+00 9.169174422109842908e+02 -5.912880847240438698e+01
-1.158761366470311087e-06 6.289980934766405693e-04 2.588673416785532838e-03 -8.964963610226280423e-05 8.192612786794723498e-04 1.400246780697566337e-04 6.349052921371147178e-05 3.651597126304350683e-04 1.090947957867002827e-02 -1.208067252154359367e-01 3.641586066677417466e-01 6.800662192058196664e-01 -1.345082721242559648e-03 -4.822149652696870042e-03 9.358247988368812234e-04 -8.622135365547928254e-02 -1.738519791849441276e+01 2.854333829157300162e+00 1.408944860742248478e-02 3.878533263442840995e-01 -5.912880847240438698e+01 2.401459575694316939e+01
