# cosmomc_theta logA ns ombh2 omch2 tau A_planck beta_cib xi Atsz Acib Aksz ACT_pe_98 ACT_pe_150 ACTd_radio_ps ACTd_cib_ps ACTd_AdustT ACTd_AdustP ACTw_radio_ps ACTw_cib_ps ACTw_AdustT ACTw_AdustP
4.904352485124020566e-11 -2.161982091473290994e-09 8.817423489752115450e-09 2.021484868402875345e-10 -8.681368744713019892e-09 2.315523748382997393e-09 4.155246264558765660e-11 3.924485465762542984e-09 5.272750241840285711e-08 2.562476572264566466e-07 5.971664394664716513e-08 8.428682477987059291e-07 -4.548580486000442290e-09 -5.171593087027300067e-09 -6.099879971830356786e-08 -4.625702337701466189e-08 -3.378641174852748092e-06 7.886286430454011405e-08 -8.397347344287274033e-08 -1.326023524447268849e-07 4.937820651910035284e-06 -1.218861350412544297e-06
-2.161982091473290994e-09 1.737917645123562979e-04 -2.793778388091966810e-05 -1.190381485744950981e-07 6.009526340041373388e-06 5.781596523477231951e-05 1.073070835725673797e-06 8.935680483131730020e-07 -3.610381802131710951e-04 -8.282478325615211896e-04 6.290251755230155716e-04 -2.411465282723835018e-03 -2.139350723518665251e-06 -4.641145584760434516e-06 2.370207741247499296e-04 -2.729118991209324141e-04 -2.985782112145353526e-03 -1.006207572570455957e-03 2.766573200436407633e-04 1.725426125368336423e-05 -5.293134275698440326e-03 -9.707718232769664763e-05
8.817423489752115450e-09 -2.793778388091966810e-05 5.030709661712959833e-05 -3.321646085284648262e-07 -7.043760595399265607e-06 6.471365044132365236e-06 -1.064808546118397667e-06 1.157147039702099727e-05 -9.647386751717240629e-05 1.161980079203866513e-04 -1.838766121623206507e-05 -4.333308440426560256e-04 -2.094568654169093011e-06 -1.720037008857382248e-06 1.457950603243070248e-05 -4.937723345092227454e-05 2.307406660407632353e-03 1.473100703530332923e-03 9.931219505645534965e-05 -1.832690158729788853e-05 -2.713976772745802131e-03 2.473271619767769200e-03
2.021484868402875345e-10 -1.190381485744950981e-07 -3.321646085284648262e-07 8.267859491816347041e-08 -2.894077785460391891e-07 1.550384194694358498e-07 1.761080017765172440e-08 -2.244559635511879033e-07 -7.802920385807755196e-06 -7.351978510946638359e-06 1.616811023322030946e-05 -4.260729620664608486e-05 1.900636577714234250e-07 2.363781528765196692e-07 4.515576207814662099e-06 -4.708541049602093083e-06 -3.260239612258649549e-04 -1.478760746624190341e-04 4.191097796516972623e-06 2.003559191569135048e-06 -7.850145423342895674e-04 -9.250946817127357711e-05
-8.681368744713019892e-09 6.009526340041373388e-06 -7.043760595399265607e-06 -2.894077785460391891e-07 1.193107583510557303e-05 -3.892415028500424610e-06 4.367744070125318638e-08 -1.859149716064611723e-06 -4.427787619449613163e-05 -1.910455294500053877e-04 -6.609712991905244582e-05 -8.525326980548910468e-04 4.679099285475512932e-06 4.764499141138976119e-06 5.705682198862120245e-05 5.581536073755638999e-05 1.987871841790358186e-05 6.114099078964322287e-04 5.114904075013299858e-05 7.770269118237474449e-05 -2.931678689345174321e-03 1.127592147923376850e-03
2.315523748382997393e-09 5.781596523477231951e-05 6.471365044132365236e-06 1.550384194694358498e-07 -3.892415028500424610e-06 3.379489088919131179e-05 1.280844847145242308e-07 -1.106874229939553667e-06 -3.820991181484579516e-05 -2.527133118818998339e-05 1.101884289374070329e-04 -2.967738645271095817e-04 -2.429210632218911849e-07 -3.959852846763554706e-07 1.724177938284762396e-05 -3.751433947778662771e-05 -2.483840189343300333e-03 -2.632580881386426441e-04 2.457805106500750899e-05 -8.639051977325813020e-05 1.932181296037662691e-04 -5.814461172742833861e-04
4.155246264558765660e-11 1.073070835725673797e-06 -1.064808546118397667e-06 1.761080017765172440e-08 4.367744070125318638e-08 1.280844847145242308e-07 6.183777337431648245e-06 -7.046099988984333950e-07 2.696310644979850243e-06 -3.877677442168650301e-05 3.306735704022235249e-05 6.403822326424926409e-05 -9.335344492108433428e-09 -1.260460811808705371e-07 3.807783077642815963e-06 -1.240807044846613430e-05 -8.130044672805112520e-04 -1.337200208491270449e-04 5.461845861787082684e-06 -2.470241315129317501e-06 -1.183136345100974270e-03 1.757778818750247614e-05
3.924485465762542984e-09 8.935680483131730020e-07 1.157147039702099727e-05 -2.244559635511879033e-07 -1.859149716064611723e-06 -1.106874229939553667e-06 -7.046099988984333950e-07 3.591414214884529246e-03 -1.641919394723344002e-03 -2.821101011358118776e-03 -4.406828989329177396e-03 -2.771499489205320101e-03 -2.969035778317931117e-06 -6.857785988680402301e-06 8.815449530776190519e-04 -5.017715994939215933e-03 -1.395887458473699626e-02 5.495968260030636293e-03 1.286318255919677864e-03 -6.021905625759698538e-03 -1.459169346406820507e-02 5.126728733671096633e-03
5.272750241840285711e-08 -3.610381802131710951e-04 -9.647386751717240629e-05 -7.802920385807755196e-06 -4.427787619449613163e-05 -3.820991181484580872e-05 2.696310644979849396e-06 -1.641919394723344002e-03 8.007141946754575690e-02 -8.050216506979752940e-02 -7.610402334943329461e-02 3.687832190937599952e-01 3.033282552287220208e-05 3.885708239027144194e-05 6.771249130529577616e-03 5.948685053533118300e-02 -2.460142304103695721e-01 1.299649655622422788e-02 4.126587288353243330e-03 6.191700342249639721e-02 -3.008378667410647189e-01 -9.544717467153230467e-03
2.562476572264566466e-07 -8.282478325615211896e-04 1.161980079203866649e-04 -7.351978510946639206e-06 -1.910455294500053877e-04 -2.527133118818998339e-05 -3.877677442168650301e-05 -2.821101011358118776e-03 -8.050216506979752940e-02 1.447502057025032540e+00 -3.485354930444059529e-02 -1.555899255365980727e+00 3.511026079975384887e-06 -2.183934318845509029e-04 -1.675398596814985375e-01 1.141797687046791632e-01 3.030520924286802309e+00 1.955566844176633706e-02 -1.938627355469522695e-01 1.040208127095241381e-01 2.903292289623278233e+00 -2.307834256036462306e-01
5.971664394664715190e-08 6.290251755230155716e-04 -1.838766121623206507e-05 1.616811023322030946e-05 -6.609712991905244582e-05 1.101884289374070329e-04 3.306735704022235249e-05 -4.406828989329177396e-03 -7.610402334943329461e-02 -3.485354930444059529e-02 5.454116896610029519e-01 -1.223376120869301420e-01 -5.572197296873191319e-05 -3.302385446338919187e-04 3.718684728611418994e-02 -1.708675456610706800e-01 -6.393959257224358872e+00 5.324861687571141866e-01 3.794358683306015695e-02 -1.647260541959544300e-01 -4.941954003180353716e+00 4.454152255296789376e-01
8.428682477987058232e-07 -2.411465282723835452e-03 -4.333308440426560256e-04 -4.260729620664608486e-05 -8.525326980548910468e-04 -2.967738645271095817e-04 6.403822326424926409e-05 -2.771499489205320101e-03 3.687832190937599952e-01 -1.555899255365980727e+00 -1.223376120869301420e-01 3.721949875209090930e+00 -1.450908664372581303e-04 -1.596610448215491566e-04 1.265408595916272250e-01 9.836119282295044397e-02 -1.348818486520346482e+01 1.010999913529342376e+00 1.236990329758100027e-01 1.311185712355616428e-01 -1.211592622702233868e+01 8.034736327092738550e-01
-4.548580486000442290e-09 -2.139350723518665251e-06 -2.094568654169093011e-06 1.900636577714234250e-07 4.679099285475512932e-06 -2.429210632218911849e-07 -9.335344492108433428e-09 -2.969035778317931117e-06 3.033282552287220208e-05 3.511026079975387428e-06 -5.572197296873190642e-05 -1.450908664372581303e-04 2.868967834035099831e-05 1.026781961346189307e-05 3.645509278988007078e-05 8.781148279975170556e-05 -2.899311196432476957e-03 4.849156792031996928e-04 -3.497805475045232334e-05 3.242842913921488142e-05 2.917898629242233772e-03 -1.858438950669127638e-03
-5.171593087027300067e-09 -4.641145584760434516e-06 -1.720037008857382248e-06 2.363781528765196692e-07 4.764499141138976119e-06 -3.959852846763554706e-07 -1.260460811808705371e-07 -6.857785988680402301e-06 3.885708239027143516e-05 -2.183934318845509029e-04 -3.302385446338919187e-04 -1.596610448215491566e-04 1.026781961346189307e-05 2.186670296626307421e-05 3.368935126711366509e-05 1.273429287968735196e-04 8.738902730285585257e-03 -6.279643914472956244e-03 4.561238528098822116e-05 2.405399165817372691e-05 1.452517890724497503e-02 -6.481240981795328288e-03
-6.099879971830356786e-08 2.370207741247499296e-04 1.457950603243070248e-05 4.515576207814662099e-06 5.705682198862120245e-05 1.724177938284762396e-05 3.807783077642815963e-06 8.815449530776190519e-04 6.771249130529577616e-03 -1.675398596814985375e-01 3.718684728611418994e-02 1.265408595916272250e-01 3.645509278988007078e-05 3.368935126711366509e-05 7.698530788792366797e-02 -2.827491801010042355e-02 -2.731355771009112421e-01 -2.239579726454426004e-02 3.213323362680298861e-02 -1.456614321835342230e-02 -2.208145132318854453e-01 1.950833574214498253e-02
-4.625702337701466189e-08 -2.729118991209324141e-04 -4.937723345092227454e-05 -4.708541049602093083e-06 5.581536073755638999e-05 -3.751433947778662771e-05 -1.240807044846613430e-05 -5.017715994939215933e-03 5.948685053533118300e-02 1.141797687046791632e-01 -1.708675456610706800e-01 9.836119282295044397e-02 8.781148279975170556e-05 1.273429287968735196e-04 -2.827491801010042355e-02 1.365263672047329069e-01 5.229111363727728667e-01 -4.229901695706982795e-03 -2.258402716165239937e-02 1.123747936563949668e-01 1.168854495560291085e+00 -1.262990556219176774e-01
-3.378641174852748092e-06 -2.985782112145353526e-03 2.307406660407632353e-03 -3.260239612258649549e-04 1.987871841790358186e-05 -2.483840189343300333e-03 -8.130044672805112520e-04 -1.395887458473699279e-02 -2.460142304103695721e-01 3.030520924286802309e+00 -6.393959257224358872e+00 -1.348818486520346482e+01 -2.899311196432476957e-03 8.738902730285585257e-03 -2.731355771009112421e-01 5.229111363727728667e-01 3.651452379263577654e+02 -3.026370544332426249e+01 6.311512155568423620e-03 1.172883157518926467e+00 1.854058625940052423e+02 -1.591971601315447948e+01
7.886286430454006111e-08 -1.006207572570456173e-03 1.473100703530332923e-03 -1.478760746624190341e-04 6.114099078964322287e-04 -2.632580881386426441e-04 -1.337200208491270449e-04 5.495968260030636293e-03 1.299649655622422441e-02 1.955566844176633706e-02 5.324861687571141866e-01 1.010999913529342376e+00 4.849156792031996928e-04 -6.279643914472956244e-03 -2.239579726454426004e-02 -4.229901695706982795e-03 -3.026370544332426249e+01 2.853474706013475881e+01 -5.064482551932020238e-02 -7.604499383824667169e-02 -2.007618212382346101e+01 3.351547372664920754e+00
-8.397347344287274033e-08 2.766573200436407633e-04 9.931219505645534965e-05 4.191097796516972623e-06 5.114904075013299858e-05 2.457805106500750899e-05 5.461845861787082684e-06 1.286318255919677864e-03 4.126587288353242462e-03 -1.938627355469522695e-01 3.794358683306015695e-02 1.236990329758100027e-01 -3.497805475045232334e-05 4.561238528098822116e-05 3.213323362680298861e-02 -2.258402716165239937e-02 6.311512155568423620e-03 -5.064482551932020238e-02 1.215341432555796242e-01 -6.495889924186272479e-02 -1.567300525697017943e-01 6.093606648087423333e-02
-1.326023524447268849e-07 1.725426125368336423e-05 -1.832690158729788853e-05 2.003559191569135048e-06 7.770269118237474449e-05 -8.639051977325813020e-05 -2.470241315129317501e-06 -6.021905625759698538e-03 6.191700342249639721e-02 1.040208127095241381e-01 -1.647260541959544300e-01 1.311185712355616428e-01 3.242842913921488142e-05 2.405399165817372691e-05 -1.456614321835342230e-02 1.123747936563949668e-01 1.172883157518926467e+00 -7.604499383824667169e-02 -6.495889924186272479e-02 3.635459990808833086e-01 -5.658317672724685998e+00 3.966801627024534316e-01
4.937820651910035284e-06 -5.293134275698440326e-03 -2.713976772745801264e-03 -7.850145423342895674e-04 -2.931678689345174321e-03 1.932181296037660794e-04 -1.183136345100974053e-03 -1.459169346406820507e-02 -3.008378667410647189e-01 2.903292289623278233e+00 -4.941954003180353716e+00 -1.211592622702233868e+01 2.917898629242233772e-03 1.452517890724497503e-02 -2.208145132318854731e-01 1.168854495560291085e+00 1.854058625940052423e+02 -2.007618212382346101e+01 -1.567300525697018221e-01 -5.658317672724685998e+00 6.513164838049967784e+02 -5.063292011933353365e+01
-1.218861350412544297e-06 -9.707718232769670184e-05 2.473271619767769200e-03 -9.250946817127357711e-05 1.127592147923377067e-03 -5.814461172742833861e-04 1.757778818750249647e-05 5.126728733671096633e-03 -9.544717467153233936e-03 -2.307834256036461751e-01 4.454152255296789376e-01 8.034736327092738550e-01 -1.858438950669127638e-03 -6.481240981795328288e-03 1.950833574214498253e-02 -1.262990556219176774e-01 -1.591971601315447948e+01 3.351547372664920754e+00 6.093606648087423333e-02 3.966801627024534316e-01 -5.063292011933353365e+01 3.489583875232030863e+01
