# cosmomc_theta logA ns ombh2 omch2 tau A_planck beta_cib xi Atsz Acib Aksz SPT_radio_ps SPT_cib_ps SPT_AdustT SPT3G_cal_T90 SPT3G_cal_T150 SPT3G_cal_T220 SPT3G_AdustT SPT3G_radio_ps SPT3G_cib_ps SPT3G_cal_E90 SPT3G_cal_E150 SPT3G_cal_E220 SPT3G_AdustP kappa
5.426126733608212878e-11 2.098432075227973045e-09 1.835411628565524470e-08 1.868278973088591178e-10 -7.266081455552953453e-09 4.373150646307516762e-09 -9.706023774147602853e-11 8.434209463281141817e-09 1.027379579105922410e-08 -1.919648512006818608e-09 -2.562276184445556608e-07 4.374047465665643473e-07 -1.444593682270527781e-08 5.805486621428605248e-09 5.814462718727473029e-06 3.018283919506669206e-09 3.003369951931965650e-09 2.911033723083293041e-09 2.816926101113892265e-06 8.567857671655208077e-08 1.862598069142739027e-07 5.467574423464048165e-09 5.270428589072277747e-09 4.832470363745268583e-09 -4.668648511233209635e-07 2.039281213947352026e-09
2.098432075227973045e-09 2.095517844533004539e-04 -6.261140530767464376e-05 5.612866104069706810e-08 9.024040803539555130e-06 5.570678293051916144e-05 1.767275127009298607e-06 6.749984808398317786e-07 -2.375004253305650859e-05 -1.695082076461441932e-04 7.486485607743822036e-04 -6.148697162503661846e-04 4.189732314829150726e-05 -3.003824919434783087e-05 -1.504793614270505224e-02 1.680951416693491398e-05 1.623887206367183737e-05 1.461433180496498795e-05 -3.917669391863037170e-03 4.981451002510724939e-04 -3.611567610615206716e-04 2.115088894800301326e-05 2.025198063546305722e-05 1.870061016345735106e-05 -2.252955096102903854e-04 3.484981688279137747e-07
1.835411628565524470e-08 -6.261140530767464376e-05 1.162951736117692585e-04 -9.270313151855825521e-07 -1.637299098391021207e-05 1.712863230677108954e-05 -1.971517248416727912e-06 1.267090765255090632e-05 -2.180678527490288111e-05 5.866889052602282979e-06 3.167375425666839502e-04 2.692685615045026411e-04 -4.520603442319911598e-06 -8.191191843544485250e-05 -3.971020036002395961e-03 3.151449001723120069e-07 8.684025587890990522e-07 2.233432143021142260e-06 -4.901810727482006427e-03 1.728945347960794321e-05 -1.775633426998140499e-04 8.093503769834190345e-08 8.082523148500648796e-07 2.545644849132480807e-06 1.709406690274750023e-03 1.052268507596743548e-07
1.868278973088591178e-10 5.612866104069706810e-08 -9.270313151855825521e-07 8.153846511206762512e-08 -2.761205983193437153e-07 9.041765671530209768e-08 9.423417256930561782e-09 -1.115851090546844484e-07 -1.039855215069696890e-06 5.947080012523391092e-06 1.082796818097993211e-05 -1.516021048606842189e-05 2.388384534106457945e-07 -1.493256732663523811e-06 -1.503518635555538177e-04 -1.045559790161031981e-07 -1.020928179737647042e-07 -9.527339040390712566e-08 -1.508725652439021415e-04 -6.554793522462136429e-06 -7.710358503815723896e-06 -2.465413230460690277e-07 -2.501922415592933358e-07 -3.007323956802953845e-07 -8.187458718556501840e-05 3.359266644366360178e-09
-7.266081455552953453e-09 9.024040803539555130e-06 -1.637299098391021207e-05 -2.761205983193437153e-07 1.284460424530293526e-05 -6.032353660507869180e-06 1.728268483929446665e-07 -1.051393859876666379e-05 -2.438294594093147465e-06 -1.511061742492035329e-05 1.425710437109066670e-04 -4.820647986318360488e-04 1.495661474807052715e-05 2.119667059555843783e-05 -3.581260568207564506e-03 -1.210802066151319464e-06 -1.056206692338086078e-06 -7.832250391333774704e-07 -7.901961063079971899e-04 -4.465246361876371939e-05 -5.980984279093642112e-05 -4.681113223024520927e-06 -4.258735421766779160e-06 -4.692476082865507395e-06 2.989473730660256452e-04 5.387960224345126716e-08
4.373150646307516762e-09 5.570678293051916144e-05 1.712863230677108954e-05 9.041765671530209768e-08 -6.032353660507869180e-06 3.768401897960126367e-05 -6.333581696786295131e-08 4.348299368048971822e-06 -1.170757318817270502e-05 2.372250862029174845e-05 3.850543720354573083e-05 -4.101220675307064377e-05 -1.065605251189545118e-06 -1.647282494020146712e-05 -3.254154302665353054e-04 -3.446969515318045144e-07 -3.286857227546142477e-07 -1.321892192385124015e-07 -6.702706198123554570e-04 -1.209648256129846549e-05 -4.321280496101725444e-05 2.861442628267184985e-07 2.411299804882995878e-07 4.146995849599617099e-07 -7.375906949356367769e-05 4.244786854830175613e-09
-9.706023774147602853e-11 1.767275127009298607e-06 -1.971517248416727912e-06 9.423417256930561782e-09 1.728268483929446665e-07 -6.333581696786295131e-08 6.226979537372008869e-06 7.231501465663282539e-08 8.137011933905872475e-07 -4.874426140330812774e-07 -2.556457715610843941e-05 1.427267523378257289e-06 2.088443917469853623e-07 6.833887182275811926e-06 4.412008523434856038e-04 9.330707075872975470e-08 7.939460048278610404e-08 7.504730979663856936e-08 2.689486446353652979e-04 3.489883928989951302e-07 1.493241594395671385e-05 2.543779916012487057e-07 2.459134006840569343e-07 2.203340265952251211e-07 -4.011118579584268260e-05 9.865284513746711438e-11
8.434209463281141817e-09 6.749984808398317786e-07 1.267090765255090632e-05 -1.115851090546844484e-07 -1.051393859876666379e-05 4.348299368048971822e-06 7.231501465663282539e-08 1.546373524903537494e-03 -6.483048394514122912e-04 -3.807296915819275828e-03 -1.069378739849509777e-02 5.333243143016828079e-03 3.511173750300678386e-04 2.159532242679678955e-04 2.068333921312342782e-01 5.887913051484732395e-06 7.449976898020303044e-06 1.162430532858480730e-05 9.652968487160823452e-02 1.734477042086643526e-03 -2.285763498708224574e-03 7.690914426775220594e-06 6.828651594368565956e-06 5.224482480552626838e-06 -6.460323044659878680e-03 1.691047973768518695e-08
1.027379579105922410e-08 -2.375004253305650859e-05 -2.180678527490288111e-05 -1.039855215069696890e-06 -2.438294594093147889e-06 -1.170757318817270671e-05 8.137011933905868240e-07 -6.483048394514122912e-04 4.543851397303434736e-03 -1.884415584944910960e-02 -2.867821156168019921e-03 4.716285693796317541e-02 9.830341028512071862e-04 4.259723233109567221e-03 -9.405679093273038027e-02 2.786093524654880248e-06 8.685617447851732054e-06 2.027082278177878529e-05 5.758227529759952362e-02 9.214116035663989183e-04 7.760862196642394307e-04 -2.672781924939411340e-06 -4.352533013476575725e-07 -8.359334423761575569e-06 -4.034041868750676794e-03 4.215134365560471038e-07
-1.919648512006818608e-09 -1.695082076461441932e-04 5.866889052602282979e-06 5.947080012523391092e-06 -1.511061742492035329e-05 2.372250862029174845e-05 -4.874426140330812774e-07 -3.807296915819275828e-03 -1.884415584944910960e-02 1.830567427379561907e-01 2.316792348205069622e-03 -3.302491150894627525e-01 -1.396484498163059161e-02 -3.361288937152802445e-03 8.062721632689177076e-01 -1.310128699591665662e-04 -2.007768411040735193e-04 -3.556355901288604164e-04 -3.745985367673598798e-01 -3.266454013914696364e-02 5.717317362415368781e-02 -6.923965383397600747e-05 -1.003955463643981178e-04 -6.528423871426064604e-05 3.082409358004362110e-02 4.653344285359587413e-07
-2.562276184445557138e-07 7.486485607743822036e-04 3.167375425666839502e-04 1.082796818097993211e-05 1.425710437109066670e-04 3.850543720354573083e-05 -2.556457715610843602e-05 -1.069378739849509777e-02 -2.867821156168019921e-03 2.316792348205070056e-03 4.425279077265915628e-01 -1.128218700655839526e-02 1.376116515154286127e-03 -1.058833860821995904e-01 -8.629450804732694991e+00 3.265951200380267185e-04 3.031078641092045970e-04 2.359481602933897115e-04 -4.559857753772929456e+00 3.918323720754250152e-03 -2.390190712456325972e-01 2.015643046397676730e-04 2.834987918998770279e-04 4.189745336298591766e-04 2.839951589970873824e-01 -9.924277945094557612e-06
4.374047465665643473e-07 -6.148697162503661846e-04 2.692685615045026411e-04 -1.516021048606842189e-05 -4.820647986318360488e-04 -4.101220675307061666e-05 1.427267523378258560e-06 5.333243143016828079e-03 4.716285693796317541e-02 -3.302491150894626415e-01 -1.128218700655839526e-02 7.879763762768735580e-01 1.692578491956073586e-02 1.451780947300947665e-02 -2.152773456966234011e+00 1.990874213034704088e-04 3.095114067624953752e-04 5.502937418764839491e-04 5.904791706630422299e-01 4.024518085104100001e-02 -1.025801711426537338e-01 2.233669830926599475e-04 2.676465756856268464e-04 2.082865962069660850e-04 -4.607690900158735448e-02 3.133826857825105678e-06
-1.444593682270527781e-08 4.189732314829150726e-05 -4.520603442319911598e-06 2.388384534106457945e-07 1.495661474807052715e-05 -1.065605251189545118e-06 2.088443917469853623e-07 3.511173750300678386e-04 9.830341028512071862e-04 -1.396484498163059161e-02 1.376116515154286127e-03 1.692578491956073586e-02 2.046751934914150303e-03 -6.266263119321850792e-04 -5.228221908218291802e-02 1.253790320581599124e-05 1.780385239941808756e-05 2.960897521882789452e-05 1.501902470225208695e-02 3.289462861398459014e-03 -5.297848483413825429e-03 3.479348204977039621e-06 6.114687685672906892e-06 2.559702810843719414e-06 -1.865298913790884366e-03 -1.099267863531093946e-07
5.805486621428605248e-09 -3.003824919434783087e-05 -8.191191843544485250e-05 -1.493256732663523811e-06 2.119667059555843783e-05 -1.647282494020146712e-05 6.833887182275811926e-06 2.159532242679678955e-04 4.259723233109567221e-03 -3.361288937152802445e-03 -1.058833860821995904e-01 1.451780947300947665e-02 -6.266263119321850792e-04 3.947310440872812271e-02 1.947328758556211348e+00 -2.448146232288133148e-05 -1.587794008268577945e-05 1.859609495859613062e-06 1.123208229360162180e+00 -2.477635513193168250e-03 7.032690768280286386e-02 -2.416456666308718228e-05 -4.278811725035645521e-05 -9.036086678077814307e-05 -7.060035696213720624e-02 1.034857072361530771e-06
5.814462718727473029e-06 -1.504793614270505224e-02 -3.971020036002395961e-03 -1.503518635555538177e-04 -3.581260568207564506e-03 -3.254154302665353054e-04 4.412008523434856580e-04 2.068333921312342782e-01 -9.405679093273038027e-02 8.062721632689177076e-01 -8.629450804732694991e+00 -2.152773456966234455e+00 -5.228221908218291802e-02 1.947328758556211348e+00 2.009949887096944678e+02 -6.741817960545205650e-03 -6.642097692527553117e-03 -6.007430629091958449e-03 8.777958011093349455e+01 -1.100606932931750825e-01 4.947667914731714411e+00 -3.272556889669113369e-03 -5.294796247573679490e-03 -7.489406282733404065e-03 -5.464744259551673089e+00 2.291096217133257507e-04
3.018283919506669206e-09 1.680951416693491398e-05 3.151449001723120069e-07 -1.045559790161031981e-07 -1.210802066151319464e-06 -3.446969515318045144e-07 9.330707075872975470e-08 5.887913051484732395e-06 2.786093524654880248e-06 -1.310128699591665662e-04 3.265951200380267185e-04 1.990874213034704359e-04 1.253790320581599124e-05 -2.448146232288133148e-05 -6.741817960545205650e-03 1.146353613848229890e-05 1.070498897924613077e-05 9.612736028719486012e-06 -1.880704816360930865e-03 3.500761436014566269e-04 -1.287546061626495826e-04 9.344907607574161549e-06 9.152741782481161088e-06 9.052951893062781508e-06 2.688653817349605040e-04 1.540275418747720956e-07
3.003369951931965650e-09 1.623887206367183737e-05 8.684025587890990522e-07 -1.020928179737647042e-07 -1.056206692338086078e-06 -3.286857227546142477e-07 7.939460048278610404e-08 7.449976898020303044e-06 8.685617447851732054e-06 -2.007768411040735193e-04 3.031078641092045970e-04 3.095114067624953752e-04 1.780385239941808756e-05 -1.587794008268577945e-05 -6.642097692527553117e-03 1.070498897924613077e-05 1.106807229557250273e-05 1.095634398020234887e-05 -7.620926872165485538e-04 3.399168672270063015e-04 -1.568615575938955365e-04 9.162430148379605680e-06 9.018155937839434261e-06 8.892670436789520589e-06 1.839820557864505065e-04 1.622466342452289085e-07
2.911033723083293041e-09 1.461433180496498795e-05 2.233432143021142260e-06 -9.527339040390712566e-08 -7.832250391333774704e-07 -1.321892192385124015e-07 7.504730979663856936e-08 1.162430532858480730e-05 2.027082278177878529e-05 -3.556355901288604164e-04 2.359481602933897115e-04 5.502937418764839491e-04 2.960897521882789452e-05 1.859609495859613062e-06 -6.007430629091958449e-03 9.612736028719486012e-06 1.095634398020234887e-05 1.816748600704930989e-05 2.803836320194852925e-03 3.214711152377738987e-04 -2.466795349108571187e-04 8.315455017954483344e-06 8.056855896219932943e-06 1.111968199991043172e-05 -1.429995662352932632e-04 1.587513739920159700e-07
2.816926101113892265e-06 -3.917669391863037170e-03 -4.901810727482006427e-03 -1.508725652439021415e-04 -7.901961063079971899e-04 -6.702706198123554570e-04 2.689486446353652979e-04 9.652968487160823452e-02 5.758227529759952362e-02 -3.745985367673598798e-01 -4.559857753772929456e+00 5.904791706630422299e-01 1.501902470225208695e-02 1.123208229360162180e+00 8.777958011093349455e+01 -1.880704816360930865e-03 -7.620926872165485538e-04 2.803836320194852925e-03 8.359293522457534209e+01 -7.441075913488046090e-02 7.163612235797204297e-01 -9.553295948819591097e-04 -2.234186355613310485e-03 -6.439721307837376930e-03 -5.330955460753004083e+00 1.067327444524337609e-04
8.567857671655208077e-08 4.981451002510724939e-04 1.728945347960794321e-05 -6.554793522462136429e-06 -4.465246361876371939e-05 -1.209648256129846549e-05 3.489883928989951302e-07 1.734477042086643526e-03 9.214116035663989183e-04 -3.266454013914696364e-02 3.918323720754250152e-03 4.024518085104100001e-02 3.289462861398459014e-03 -2.477635513193168250e-03 -1.100606932931750825e-01 3.500761436014566269e-04 3.399168672270063015e-04 3.214711152377738987e-04 -7.441075913488046090e-02 5.977261681075632382e-02 -1.361287986574963478e-02 2.976649561482290615e-04 2.906101470294942223e-04 2.943906920147983347e-04 1.436385329072977467e-02 1.861973293584260798e-06
1.862598069142739027e-07 -3.611567610615206716e-04 -1.775633426998140499e-04 -7.710358503815723896e-06 -5.980984279093642112e-05 -4.321280496101725444e-05 1.493241594395671385e-05 -2.285763498708224574e-03 7.760862196642395391e-04 5.717317362415368781e-02 -2.390190712456325972e-01 -1.025801711426537338e-01 -5.297848483413825429e-03 7.032690768280286386e-02 4.947667914731714411e+00 -1.287546061626495826e-04 -1.568615575938955365e-04 -2.466795349108571187e-04 7.163612235797204297e-01 -1.361287986574963478e-02 3.411182250658880144e-01 -7.333311418181912131e-05 -1.092923216865335272e-04 -3.129456134994095245e-05 -3.890713969180777110e-02 1.119651680963330087e-05
5.467574423464048165e-09 2.115088894800301326e-05 8.093503769834190345e-08 -2.465413230460690277e-07 -4.681113223024520927e-06 2.861442628267184985e-07 2.543779916012487057e-07 7.690914426775220594e-06 -2.672781924939411763e-06 -6.923965383397600747e-05 2.015643046397676730e-04 2.233669830926599475e-04 3.479348204977039621e-06 -2.416456666308718228e-05 -3.272556889669113369e-03 9.344907607574161549e-06 9.162430148379605680e-06 8.315455017954483344e-06 -9.553295948819591097e-04 2.976649561482290615e-04 -7.333311418181912131e-05 2.619431182654186941e-05 1.789091196209362009e-05 1.839952954291702454e-05 3.557422321309354962e-04 1.183157146446703244e-07
5.270428589072277747e-09 2.025198063546305722e-05 8.082523148500648796e-07 -2.501922415592933358e-07 -4.258735421766779160e-06 2.411299804882995878e-07 2.459134006840569343e-07 6.828651594368565956e-06 -4.352533013476571490e-07 -1.003955463643981178e-04 2.834987918998770279e-04 2.676465756856268464e-04 6.114687685672906892e-06 -4.278811725035645521e-05 -5.294796247573679490e-03 9.152741782481161088e-06 9.018155937839434261e-06 8.056855896219932943e-06 -2.234186355613310918e-03 2.906101470294942223e-04 -1.092923216865335272e-04 1.789091196209362009e-05 2.200493293441032927e-05 1.828203598184711555e-05 8.161741723431430347e-04 1.251019469896064794e-07
4.832470363745268583e-09 1.870061016345735106e-05 2.545644849132480807e-06 -3.007323956802953845e-07 -4.692476082865507395e-06 4.146995849599617099e-07 2.203340265952251211e-07 5.224482480552626838e-06 -8.359334423761572181e-06 -6.528423871426064604e-05 4.189745336298591766e-04 2.082865962069661121e-04 2.559702810843719414e-06 -9.036086678077814307e-05 -7.489406282733404065e-03 9.052951893062781508e-06 8.892670436789520589e-06 1.111968199991043172e-05 -6.439721307837376930e-03 2.943906920147983347e-04 -3.129456134994095245e-05 1.839952954291702454e-05 1.828203598184711555e-05 7.058498389920962398e-05 2.547156249078426794e-03 7.799291049431312195e-08
-4.668648511233210165e-07 -2.252955096102903854e-04 1.709406690274750023e-03 -8.187458718556501840e-05 2.989473730660256452e-04 -7.375906949356366414e-05 -4.011118579584268938e-05 -6.460323044659878680e-03 -4.034041868750676794e-03 3.082409358004361763e-02 2.839951589970873824e-01 -4.607690900158735448e-02 -1.865298913790884366e-03 -7.060035696213720624e-02 -5.464744259551673089e+00 2.688653817349605040e-04 1.839820557864504794e-04 -1.429995662352932903e-04 -5.330955460753004083e+00 1.436385329072977467e-02 -3.890713969180777110e-02 3.557422321309353878e-04 8.161741723431430347e-04 2.547156249078426794e-03 3.106401650852621987e+00 -1.823551131294782023e-05
2.039281213947352026e-09 3.484981688279137747e-07 1.052268507596743416e-07 3.359266644366360592e-09 5.387960224345126716e-08 4.244786854830168995e-09 9.865284513746689466e-11 1.691047973768510423e-08 4.215134365560470509e-07 4.653344285359594295e-07 -9.924277945094557612e-06 3.133826857825105255e-06 -1.099267863531094343e-07 1.034857072361530348e-06 2.291096217133258050e-04 1.540275418747720956e-07 1.622466342452289085e-07 1.587513739920159700e-07 1.067327444524337609e-04 1.861973293584260798e-06 1.119651680963330087e-05 1.183157146446703112e-07 1.251019469896064794e-07 7.799291049431312195e-08 -1.823551131294782362e-05 1.998499872175700065e-07
